..\Image_dataset\scene00001.png 4,5,122,106,0 132,1,201,43,1 208,2,273,42,1 391,3,409,20,0
..\Image_dataset\scene00006.png 3,3,128,97,0 133,1,205,43,1 211,2,285,22,1
..\Image_dataset\scene00011.png 6,4,129,99,0 136,1,208,23,1 215,0,284,25,1
..\Image_dataset\scene00016.png 3,3,126,86,0 134,0,204,24,1 213,2,284,21,1
..\Image_dataset\scene00021.png 3,1,126,95,0 133,2,204,27,1 215,5,286,22,1
..\Image_dataset\scene00026.png 6,21,129,87,0 130,1,203,24,1 217,3,291,23,1
..\Image_dataset\scene00036.png 16,35,112,111,0 119,2,195,38,1 219,4,288,36,1
..\Image_dataset\scene00041.png 10,47,73,96,0 95,6,165,43,1 194,6,265,36,1
..\Image_dataset\scene00046.png 4,12,71,57,1 116,10,182,47,1 316,12,402,55,0
..\Image_dataset\scene00051.png 5,18,42,67,1 60,23,138,62,1 220,15,406,73,0
..\Image_dataset\scene00056.png 6,19,84,65,1 159,10,415,104,0
..\Image_dataset\scene00061.png 2,19,47,73,1 111,9,412,138,0
..\Image_dataset\scene00066.png 90,15,420,135,0
..\Image_dataset\scene00071.png 79,14,411,151,0
..\Image_dataset\scene00076.png 60,16,412,159,0
..\Image_dataset\scene00081.png 42,18,410,178,0
..\Image_dataset\scene00086.png 18,22,414,189,0
..\Image_dataset\scene00091.png 11,21,405,197,0
..\Image_dataset\scene00096.png 2,23,408,231,0
..\Image_dataset\scene00101.png 7,26,408,260,0
..\Image_dataset\scene00106.png 6,21,406,295,0
..\Image_dataset\scene00111.png 4,35,408,328,0
..\Image_dataset\scene00116.png 5,52,413,382,0
..\Image_dataset\scene00121.png 3,41,403,399,0
..\Image_dataset\scene00126.png 4,18,404,384,0
..\Image_dataset\scene00131.png 17,24,407,386,0
..\Image_dataset\scene00136.png 59,23,409,358,0
..\Image_dataset\scene00141.png 82,22,425,345,0
..\Image_dataset\scene00146.png 114,24,439,325,0
..\Image_dataset\scene00151.png 131,18,415,278,0
..\Image_dataset\scene00156.png 143,19,411,280,0
..\Image_dataset\scene00161.png 159,24,412,257,0
..\Image_dataset\scene00166.png 180,25,405,250,0
..\Image_dataset\scene00171.png 182,22,399,240,0
..\Image_dataset\scene00176.png 189,23,398,222,0
..\Image_dataset\scene00181.png 201,19,411,208,0
..\Image_dataset\scene00186.png 205,24,405,208,0
..\Image_dataset\scene00191.png 203,17,411,201,0
..\Image_dataset\scene00196.png 207,36,407,214,0
..\Image_dataset\scene00201.png 195,40,410,248,0
..\Image_dataset\scene00206.png 198,57,414,267,0 4,49,312,43,0
..\Image_dataset\scene00211.png 210,53,417,244,0 5,53,328,43,0
..\Image_dataset\scene00216.png 257,56,417,195,0 7,54,384,43,0
..\Image_dataset\scene00221.png 9,61,413,50,0 335,72,403,177,0
..\Image_dataset\scene00226.png 14,57,407,50,0 360,62,403,137,0
..\Image_dataset\scene00231.png 8,65,409,58,0 376,70,407,123,0
..\Image_dataset\scene00236.png 7,74,412,68,0 364,81,411,155,0
..\Image_dataset\scene00241.png 357,93,394,179,0
..\Image_dataset\scene00246.png 8,91,411,81,0 338,103,381,199,0
..\Image_dataset\scene00251.png 7,92,408,87,0 351,99,402,191,0
..\Image_dataset\scene00256.png 8,88,411,98,0 389,106,396,155,0
..\Image_dataset\scene00261.png 6,81,412,94,0 359,105,414,138,0
..\Image_dataset\scene00266.png 6,82,407,89,0 357,103,416,130,0
..\Image_dataset\scene00271.png 5,109,100,186,0 108,23,257,131,1 284,20,414,139,1
..\Image_dataset\scene00276.png 7,120,59,173,0 67,27,219,140,1 248,23,409,142,1
..\Image_dataset\scene00281.png 3,134,21,161,0 26,31,193,151,1 216,27,415,158,1
..\Image_dataset\scene00286.png 5,39,123,166,1 142,35,358,175,1
..\Image_dataset\scene00291.png 6,44,69,181,1 81,42,317,185,1
..\Image_dataset\scene00296.png 2,42,251,202,1
..\Image_dataset\scene00301.png 6,48,215,215,1 284,21,410,63,0
..\Image_dataset\scene00306.png 7,46,159,237,1 242,16,412,71,0
..\Image_dataset\scene00311.png 5,47,102,257,1 222,16,411,87,0
..\Image_dataset\scene00316.png 5,47,36,274,1 181,10,419,87,0
..\Image_dataset\scene00321.png 152,8,408,96,0
..\Image_dataset\scene00326.png 119,12,415,116,0
..\Image_dataset\scene00331.png 90,18,417,133,0
..\Image_dataset\scene00336.png 65,21,411,162,0
..\Image_dataset\scene00341.png 56,19,414,149,0
..\Image_dataset\scene00346.png 42,21,412,176,0
..\Image_dataset\scene00351.png 24,20,417,173,0
..\Image_dataset\scene00356.png 2,14,412,195,0
..\Image_dataset\scene00361.png 2,19,415,214,0
..\Image_dataset\scene00366.png 3,28,410,256,0
..\Image_dataset\scene00371.png 3,28,410,256,0
..\Image_dataset\scene00376.png 3,43,415,310,0
..\Image_dataset\scene00381.png 7,29,420,307,0
..\Image_dataset\scene00386.png 5,18,404,307,0
..\Image_dataset\scene00391.png 6,9,416,307,0
..\Image_dataset\scene00396.png 39,8,409,285,0
..\Image_dataset\scene00401.png 45,11,423,297,0
..\Image_dataset\scene00406.png 40,16,412,305,0
..\Image_dataset\scene00411.png 42,23,412,295,0
..\Image_dataset\scene00416.png 53,22,355,219,0 367,232,495,353,0
..\Image_dataset\scene00421.png 63,22,409,299,0
..\Image_dataset\scene00426.png 85,17,406,294,0
..\Image_dataset\scene00431.png 106,13,405,285,0
..\Image_dataset\scene00436.png 139,7,411,250,0
..\Image_dataset\scene00441.png 154,7,423,245,0
..\Image_dataset\scene00446.png 177,7,411,220,0
..\Image_dataset\scene00451.png 194,4,399,193,0
..\Image_dataset\scene00456.png 205,5,409,186,0
..\Image_dataset\scene00461.png 212,1,409,178,0
..\Image_dataset\scene00466.png 226,5,391,170,0 392,170,445,116,0
..\Image_dataset\scene00471.png 241,6,407,144,0
..\Image_dataset\scene00476.png 242,2,403,136,0
..\Image_dataset\scene00481.png 250,11,398,132,0
..\Image_dataset\scene00486.png 259,11,396,123,0
..\Image_dataset\scene00491.png 271,9,400,118,0
..\Image_dataset\scene00496.png 284,11,397,112,0
..\Image_dataset\scene00501.png 289,11,399,101,0
..\Image_dataset\scene00506.png 293,5,406,86,0
..\Image_dataset\scene00511.png 301,4,412,86,0
..\Image_dataset\scene00516.png 316,9,406,73,0
..\Image_dataset\scene00521.png 312,6,407,74,0
..\Image_dataset\scene00526.png 313,7,403,73,0
..\Image_dataset\scene00531.png 310,5,405,71,0
..\Image_dataset\scene00541.png 11,60,37,84,0
..\Image_dataset\scene00551.png 6,57,413,78,0
..\Image_dataset\scene00561.png 5,61,407,83,0
..\Image_dataset\scene00571.png 10,75,416,82,0
..\Image_dataset\scene00581.png 7,88,411,104,0
..\Image_dataset\scene00591.png 7,88,412,115,0
..\Image_dataset\scene00601.png 12,87,415,109,0
..\Image_dataset\scene00611.png 11,94,417,122,0
..\Image_dataset\scene00621.png 7,99,407,115,0
..\Image_dataset\scene00631.png 6,108,405,125,0
..\Image_dataset\scene00651.png 7,108,170,140,0 199,90,356,120,0 374,80,405,108,0
..\Image_dataset\scene00661.png 11,120,161,148,0 177,102,287,122,0 305,88,388,110,0
..\Image_dataset\scene00671.png 10,114,140,147,0 163,97,274,127,0 328,79,399,105,0
..\Image_dataset\scene00681.png 12,116,231,141,0 258,82,408,99,0
..\Image_dataset\scene00691.png 8,112,119,127,0 147,84,260,100,0 291,64,408,71,0
..\Image_dataset\scene00701.png 6,108,97,131,0 124,88,213,108,0 249,66,349,73,0
..\Image_dataset\scene00711.png 5,103,129,120,0 154,75,264,88,0 278,60,337,69,0
..\Image_dataset\scene00721.png 2,99,154,142,0 174,72,236,86,0
..\Image_dataset\scene00731.png 8,89,79,110,0 109,70,164,84,0
..\Image_dataset\scene00741.png 3,87,95,98,0 112,64,170,71,0
..\Image_dataset\scene00751.png 15,87,109,96,0 309,53,413,125,0
..\Image_dataset\scene00761.png 253,50,419,188,0
..\Image_dataset\scene00771.png 240,53,413,197,0 12,79,40,104,0
..\Image_dataset\scene00781.png 236,26,413,158,0
..\Image_dataset\scene00791.png 244,40,410,181,0
..\Image_dataset\scene00801.png 259,48,412,170,0
..\Image_dataset\scene00811.png 254,51,415,174,0
..\Image_dataset\scene00821.png 255,48,413,161,0
..\Image_dataset\scene00831.png 266,26,414,139,0
..\Image_dataset\scene00841.png 255,46,416,172,0
..\Image_dataset\scene00851.png 211,53,418,194,0
..\Image_dataset\scene00861.png 193,49,399,197,0
..\Image_dataset\scene00871.png 211,48,406,194,0
..\Image_dataset\scene00881.png 216,55,411,201,0
..\Image_dataset\scene00891.png 189,61,412,237,0
..\Image_dataset\scene00901.png 205,55,409,215,0
..\Image_dataset\scene00911.png 227,60,395,214,0
..\Image_dataset\scene00921.png 228,66,398,216,0
..\Image_dataset\scene00931.png 229,89,405,237,0
..\Image_dataset\scene00941.png 217,94,410,250,0
..\Image_dataset\scene00951.png 7,93,410,111,0 271,129,417,252,0
..\Image_dataset\scene00961.png 272,129,406,250,0
..\Image_dataset\scene00971.png 14,117,429,140,0 311,164,421,245,0
..\Image_dataset\scene00981.png 14,142,417,157,0 350,167,414,218,0
..\Image_dataset\scene00991.png 13,160,412,219,0
..\Image_dataset\scene01001.png 10,225,407,267,0
..\Image_dataset\scene01011.png 10,291,407,347,0
..\Image_dataset\vlcsnap-2021-02-23-10h18m39s136.png 10,34,106,99,0 190,22,245,56,1 261,19,411,81,0
..\Image_dataset\vlcsnap-2021-02-23-10h18m39s850.png 10,46,136,127,0 190,32,255,74,1 267,30,411,91,0
..\Image_dataset\vlcsnap-2021-02-23-10h18m41s438.png 7,50,127,126,0 185,36,291,96,1 288,29,419,57,0
..\Image_dataset\vlcsnap-2021-02-23-10h18m41s639.png 18,48,119,122,0 182,36,289,93,1 302,31,410,75,0
..\Image_dataset\vlcsnap-2021-02-23-10h18m41s853.png 10,41,105,115,0 186,30,295,93,1 308,25,415,72,0
..\Image_dataset\vlcsnap-2021-02-23-10h18m42s041.png 5,40,114,123,0 188,33,302,97,1 314,29,409,70,0
..\Image_dataset\vlcsnap-2021-02-23-10h18m42s239.png 4,39,92,107,0 187,31,308,105,1 322,30,410,73,0
..\Image_dataset\vlcsnap-2021-02-23-10h18m42s573.png 10,55,116,134,0 193,40,330,112,1 345,41,410,69,0
..\Image_dataset\vlcsnap-2021-02-23-10h18m42s853.png 12,47,107,158,0 228,44,364,119,1
..\Image_dataset\vlcsnap-2021-02-23-10h18m43s072.png 19,57,177,168,0 262,41,410,123,1
..\Image_dataset\vlcsnap-2021-02-23-10h18m43s354.png 11,58,167,174,0 285,30,412,115,1
..\Image_dataset\vlcsnap-2021-02-23-10h18m43s573.png 7,57,242,161,0 325,27,413,125,1
..\Image_dataset\vlcsnap-2021-02-23-10h18m43s853.png 26,54,214,182,0 366,29,414,127,1
..\Image_dataset\vlcsnap-2021-02-23-10h18m44s072.png 52,49,241,171,0
..\Image_dataset\vlcsnap-2021-02-23-10h18m44s354.png 67,51,269,196,0
..\Image_dataset\vlcsnap-2021-02-23-10h18m44s572.png 62,54,273,213,0
..\Image_dataset\vlcsnap-2021-02-23-10h18m44s861.png 68,54,316,223,0
..\Image_dataset\vlcsnap-2021-02-23-10h18m45s081.png 84,58,326,242,0
..\Image_dataset\vlcsnap-2021-02-23-10h18m45s352.png 96,49,326,261,0
..\Image_dataset\vlcsnap-2021-02-23-10h18m45s539.png 87,44,308,282,0
..\Image_dataset\vlcsnap-2021-02-23-10h18m45s853.png 94,39,321,301,0
..\Image_dataset\vlcsnap-2021-02-23-10h18m46s039.png 103,35,313,293,0
..\Image_dataset\vlcsnap-2021-02-23-10h18m46s240.png 101,35,294,308,0
..\Image_dataset\vlcsnap-2021-02-23-10h18m46s540.png 66,40,331,315,0
..\Image_dataset\vlcsnap-2021-02-23-10h18m46s757.png 16,165,147,272,0 146,40,294,170,0
..\Image_dataset\vlcsnap-2021-02-23-10h18m47s038.png 15,43,247,285,0
..\Image_dataset\vlcsnap-2021-02-23-10h18m47s239.png 6,46,302,296,0
..\Image_dataset\vlcsnap-2021-02-23-10h18m47s538.png 10,166,127,258,0 96,55,266,151,0
..\Image_dataset\vlcsnap-2021-02-23-10h18m47s739.png 7,57,236,247,0
..\Image_dataset\vlcsnap-2021-02-23-10h18m47s957.png 4,60,258,256,0
..\Image_dataset\vlcsnap-2021-02-23-10h18m48s240.png 4,56,190,219,0
..\Image_dataset\vlcsnap-2021-02-23-10h18m48s439.png 20,38,220,79,0 17,100,117,204,0
..\Image_dataset\vlcsnap-2021-02-23-10h18m48s638.png 6,42,193,61,0 11,84,110,198,0
..\Image_dataset\vlcsnap-2021-02-23-10h18m48s860.png 9,46,195,71,0 16,85,120,193,0
..\Image_dataset\vlcsnap-2021-02-23-10h18m49s071.png 1,57,191,74,0 15,94,120,194,0
..\Image_dataset\vlcsnap-2021-02-23-10h18m49s362.png 3,53,183,79,0 5,104,123,199,0
..\Image_dataset\vlcsnap-2021-02-23-10h18m49s539.png 8,79,128,195,0
..\Image_dataset\vlcsnap-2021-02-23-10h18m49s758.png 6,62,157,83,0 15,101,123,196,0
..\Image_dataset\vlcsnap-2021-02-23-10h18m50s039.png 9,68,162,84,0 16,104,92,191,0
..\Image_dataset\vlcsnap-2021-02-23-10h18m50s257.png 6,62,138,89,0 15,117,60,162,0
..\Image_dataset\vlcsnap-2021-02-23-10h18m50s538.png 4,67,127,89,0 8,99,82,160,0
..\Image_dataset\vlcsnap-2021-02-23-10h18m50s738.png 6,68,118,88,0 12,95,80,148,0 360,22,404,49,0
..\Image_dataset\vlcsnap-2021-02-23-10h18m51s042.png 4,80,106,101,0 10,111,69,153,0 349,29,407,58,0
..\Image_dataset\vlcsnap-2021-02-23-10h18m51s259.png 3,79,97,99,0 8,110,58,160,0 351,34,410,64,0
..\Image_dataset\vlcsnap-2021-02-23-10h18m51s541.png 8,82,88,104,0 5,116,54,143,0 350,32,405,66,0
..\Image_dataset\vlcsnap-2021-02-23-10h18m51s761.png 4,86,88,106,0 8,114,52,150,0 352,32,406,73,0
..\Image_dataset\vlcsnap-2021-02-23-10h18m52s041.png 6,86,82,107,0 8,113,64,155,0 360,31,417,67,0
..\Image_dataset\vlcsnap-2021-02-23-10h18m52s240.png 5,89,67,114,0 6,119,27,141,0 365,33,406,70,0
..\Image_dataset\vlcsnap-2021-02-23-10h18m52s540.png 5,95,55,122,0 5,122,22,141,0 362,39,412,64,0
..\Image_dataset\vlcsnap-2021-02-23-10h18m52s739.png 2,96,46,140,0 361,38,401,68,0
..\Image_dataset\vlcsnap-2021-02-23-10h18m52s937.png 7,103,42,116,0 5,121,23,136,0 381,43,399,62,0
..\Image_dataset\vlcsnap-2021-02-23-10h18m53s165.png 7,110,28,131,0 374,44,409,70,0
..\Image_dataset\vlcsnap-2021-02-23-10h18m53s439.png 6,112,30,136,0 350,42,409,77,0
..\Image_dataset\vlcsnap-2021-02-23-10h18m53s638.png 5,110,24,137,0 353,42,408,82,0
..\Image_dataset\vlcsnap-2021-02-23-10h18m53s862.png 3,110,25,141,0 347,42,409,79,0
..\Image_dataset\vlcsnap-2021-02-23-10h18m54s071.png 3,114,22,139,0 348,46,415,76,0
..\Image_dataset\vlcsnap-2021-02-23-10h19m06s201.png 13,18,32,39,0 174,2,222,28,1 230,33,409,223,0
..\Image_dataset\vlcsnap-2021-02-23-10h19m06s505.png 12,20,32,45,0 179,5,218,27,1 227,36,413,223,0
..\Image_dataset\vlcsnap-2021-02-23-10h19m07s006.png 7,20,37,44,0 176,3,221,28,1 226,35,410,221,0
..\Image_dataset\vlcsnap-2021-02-23-10h19m07s487.png 181,2,223,29,1 233,32,416,224,0
..\Image_dataset\vlcsnap-2021-02-23-10h19m07s891.png 6,21,37,46,0 186,1,236,29,1 246,40,409,205,0
..\Image_dataset\vlcsnap-2021-02-23-10h19m08s200.png 13,19,45,48,0 194,5,237,29,1 250,35,409,192,0
..\Image_dataset\vlcsnap-2021-02-23-10h19m08s421.png 9,17,58,52,0 200,1,252,26,1 258,33,412,181,0
..\Image_dataset\vlcsnap-2021-02-23-10h19m08s703.png 10,16,42,54,0 206,1,254,20,1 264,29,413,165,0
..\Image_dataset\vlcsnap-2021-02-23-10h19m08s928.png 8,17,28,44,0 210,1,262,26,1 270,32,406,157,0
..\Image_dataset\vlcsnap-2021-02-23-10h19m09s202.png 12,15,36,45,0 211,0,262,26,1 266,37,415,162,0
..\Image_dataset\vlcsnap-2021-02-23-10h19m09s387.png 9,15,55,44,0 205,0,263,22,1 262,34,413,169,0
..\Image_dataset\vlcsnap-2021-02-23-10h19m09s702.png 11,12,45,39,0 201,3,264,29,1 270,43,401,154,0
..\Image_dataset\vlcsnap-2021-02-23-10h19m09s921.png 11,11,46,46,0 204,0,258,25,1 271,38,413,169,0
..\Image_dataset\vlcsnap-2021-02-23-10h19m10s210.png 11,15,29,30,0 206,2,262,26,1 268,31,417,157,0
..\Image_dataset\vlcsnap-2021-02-23-10h19m10s421.png 6,3,29,23,0 200,1,263,23,1 269,35,425,160,0
..\Image_dataset\vlcsnap-2021-02-23-10h19m10s703.png 7,3,31,21,0 201,2,258,20,1 277,36,411,146,0
..\Image_dataset\vlcsnap-2021-02-23-10h19m10s889.png 3,1,24,13,0 195,1,267,24,1 273,28,410,150,0
..\Image_dataset\vlcsnap-2021-02-23-10h19m11s202.png 11,3,23,15,0 193,5,262,24,1 273,33,413,150,0
..\Image_dataset\vlcsnap-2021-02-23-10h19m11s431.png 185,1,256,25,1 269,33,342,80,0 343,94,406,149,0
..\Image_dataset\vlcsnap-2021-02-23-10h19m11s702.png 182,0,255,29,1 267,42,344,80,0 341,104,414,139,0
..\Image_dataset\vlcsnap-2021-02-23-10h19m11s988.png 181,2,257,26,1 270,44,409,160,0
..\Image_dataset\vlcsnap-2021-02-23-10h19m12s204.png 175,1,263,32,1 271,40,338,76,0 332,94,411,142,0
..\Image_dataset\vlcsnap-2021-02-23-10h19m12s429.png 165,1,252,36,1 265,50,359,92,0 333,109,408,148,0
..\Image_dataset\vlcsnap-2021-02-23-10h19m12s711.png 164,1,258,42,1 267,53,337,93,0 335,108,415,149,0
..\Image_dataset\vlcsnap-2021-02-23-10h19m12s923.png 159,0,264,50,1 273,59,408,183,0
..\Image_dataset\vlcsnap-2021-02-23-10h19m13s204.png 273,59,408,183,0 160,3,261,51,1
..\Image_dataset\vlcsnap-2021-02-23-10h19m13s495.png 158,4,270,58,1 282,68,410,180,0
..\Image_dataset\vlcsnap-2021-02-23-10h19m13s705.png 158,2,278,64,0 292,75,413,176,1 125,224,210,268,0
..\Image_dataset\vlcsnap-2021-02-23-10h19m13s931.png 159,3,290,72,1 301,80,407,181,0
..\Image_dataset\vlcsnap-2021-02-23-10h19m14s202.png 167,4,298,83,1 320,96,412,170,0
..\Image_dataset\vlcsnap-2021-02-23-10h19m14s390.png 4,16,35,38,0 196,8,335,90,1 351,101,408,145,0
..\Image_dataset\vlcsnap-2021-02-23-10h19m14s704.png 6,30,32,54,0 225,9,378,98,1 397,99,418,116,0
..\Image_dataset\vlcsnap-2021-02-23-10h19m14s923.png 15,39,56,76,0 270,22,406,116,1
..\Image_dataset\vlcsnap-2021-02-23-10h19m15s214.png 7,43,51,72,0 304,20,410,118,1
..\Image_dataset\vlcsnap-2021-02-23-10h19m15s424.png 12,35,74,70,0 342,11,406,133,1
..\Image_dataset\vlcsnap-2021-02-23-10h19m15s710.png 10,36,75,69,0 366,12,406,139,1
..\Image_dataset\vlcsnap-2021-02-23-10h19m15s930.png 10,41,60,79,0 362,5,390,17,0 403,9,420,150,1
..\Image_dataset\vlcsnap-2021-02-23-10h19m16s207.png 18,38,50,80,0 87,25,117,58,0 377,4,413,33,0
..\Image_dataset\vlcsnap-2021-02-23-10h19m16s490.png 9,46,65,79,0 86,23,126,48,0
..\Image_dataset\vlcsnap-2021-02-23-10h19m16s705.png 15,43,49,82,0 96,24,128,60,0
..\Image_dataset\vlcsnap-2021-02-23-10h19m16s922.png 9,43,50,82,0 79,32,108,57,0 137,19,165,44,0
..\Image_dataset\vlcsnap-2021-02-23-10h19m17s203.png 9,54,48,82,0 77,33,111,55,0 141,21,180,55,0
..\Image_dataset\vlcsnap-2021-02-23-10h19m17s430.png 4,63,46,94,0 72,44,105,70,0 135,30,166,50,0 184,22,202,37,0
..\Image_dataset\vlcsnap-2021-02-23-10h19m17s704.png 11,61,59,105,0 80,40,137,86,0 159,27,221,67,0
..\Image_dataset\vlcsnap-2021-02-23-10h19m17s997.png 12,60,74,117,0 100,39,147,82,0 165,25,209,57,0
..\Image_dataset\vlcsnap-2021-02-23-10h19m18s202.png 8,70,51,118,0 75,51,115,92,0 146,35,182,72,0 205,23,236,53,0
..\Image_dataset\vlcsnap-2021-02-23-10h19m18s496.png 12,71,66,117,0 86,53,147,89,0 172,25,253,58,0
..\Image_dataset\vlcsnap-2021-02-23-10h19m18s790.png 11,84,60,136,0 82,61,127,104,0 149,42,213,91,0
..\Image_dataset\vlcsnap-2021-02-23-10h19m18s997.png 11,97,53,148,0 81,65,136,116,0 163,39,228,86,0
..\Image_dataset\vlcsnap-2021-02-23-10h19m19s288.png 10,82,67,143,0 102,64,144,96,0 174,42,218,82,0
..\Image_dataset\vlcsnap-2021-02-23-10h19m19s488.png 12,98,68,150,0 97,61,150,99,0 192,34,243,75,0 30,7,89,33,0
..\Image_dataset\vlcsnap-2021-02-23-10h19m19s789.png 12,65,57,119,0 77,53,136,84,0 146,20,212,75,0
..\Image_dataset\vlcsnap-2021-02-23-10h19m19s996.png 10,63,89,139,0 107,33,166,66,0
..\Image_dataset\vlcsnap-2021-02-23-10h19m20s288.png 6,58,52,96,0 57,50,99,79,0 121,28,166,67,0
..\Image_dataset\vlcsnap-2021-02-23-10h19m20s489.png 6,52,43,87,0 59,36,89,64,0 105,28,129,48,0
..\Image_dataset\vlcsnap-2021-02-23-10h19m20s701.png 11,47,42,80,0 68,31,102,56,0
..\Image_dataset\vlcsnap-2021-02-23-10h19m20s996.png 5,48,38,80,0 56,31,83,55,0
..\Image_dataset\vlcsnap-2021-02-23-10h19m21s288.png 6,50,35,75,0 48,34,78,63,0 357,3,410,22,0
..\Image_dataset\vlcsnap-2021-02-23-10h19m21s588.png 9,59,36,75,0 37,40,65,58,0 317,7,407,47,0
..\Image_dataset\vlcsnap-2021-02-23-10h19m21s889.png 7,47,35,72,0 293,15,402,55,0
..\Image_dataset\vlcsnap-2021-02-23-10h19m22s090.png 4,53,23,70,0 286,9,407,65,0
..\Image_dataset\vlcsnap-2021-02-23-10h19m22s390.png 273,8,338,40,0 362,31,405,70,0
..\Image_dataset\vlcsnap-2021-02-23-10h19m22s702.png 272,11,401,76,0
..\Image_dataset\vlcsnap-2021-02-23-10h19m22s890.png 256,10,321,49,0 346,33,391,79,0
..\Image_dataset\vlcsnap-2021-02-23-10h19m23s205.png 241,18,312,56,0 337,38,380,91,0
..\Image_dataset\vlcsnap-2021-02-23-10h19m23s430.png 218,22,288,65,0 305,51,395,109,0
..\Image_dataset\vlcsnap-2021-02-23-10h19m23s704.png 205,26,286,70,0 307,57,406,117,0
..\Image_dataset\vlcsnap-2021-02-23-10h19m23s989.png 203,31,263,68,0 289,57,330,96,0 355,76,395,134,0
..\Image_dataset\vlcsnap-2021-02-23-10h19m24s205.png 191,36,417,153,0
..\Image_dataset\vlcsnap-2021-02-23-10h19m24s490.png 188,42,402,151,0
..\Image_dataset\vlcsnap-2021-02-23-10h19m24s709.png 176,46,408,181,0
..\Image_dataset\vlcsnap-2021-02-23-10h19m24s989.png 165,47,397,181,0
..\Image_dataset\vlcsnap-2021-02-23-10h19m25s290.png 166,45,402,187,0
..\Image_dataset\vlcsnap-2021-02-23-10h19m25s498.png 150,40,407,188,0
..\Image_dataset\vlcsnap-2021-02-23-10h19m33s806.png 14,48,73,106,0 94,14,138,55,0 182,0,214,6,1 227,2,255,8,1 355,7,406,21,0
..\Image_dataset\vlcsnap-2021-02-23-10h19m34s120.png 21,57,66,97,0 86,32,112,55,0 128,14,146,32,0 177,3,213,5,1 225,2,257,7,1 377,2,405,28,0
..\Image_dataset\vlcsnap-2021-02-23-10h19m34s406.png 5,65,49,100,0 76,30,108,61,0 130,15,143,28,0 174,2,213,8,1 219,4,253,7,1 389,2,406,24,0
..\Image_dataset\vlcsnap-2021-02-23-10h19m34s725.png 10,61,45,97,0 63,40,111,60,0 121,14,141,35,0 177,0,211,10,1 221,0,259,10,1 348,4,404,25,0
..\Image_dataset\vlcsnap-2021-02-23-10h19m35s120.png 4,57,65,103,0 73,14,129,53,0 171,0,213,11,1 221,0,253,9,1 349,6,409,27,0
..\Image_dataset\vlcsnap-2021-02-23-10h19m35s507.png 6,59,51,103,0 73,34,110,65,0 124,13,152,39,0 166,0,205,13,1 211,0,252,11,1 377,0,415,37,0
..\Image_dataset\vlcsnap-2021-02-23-10h19m35s808.png 11,48,51,96,0 74,20,126,58,0 163,0,206,14,1 213,1,254,15,1 344,6,403,24,0
..\Image_dataset\vlcsnap-2021-02-23-10h19m36s123.png 8,48,63,85,0 95,16,125,51,0 163,0,206,11,1 214,2,249,11,1
..\Image_dataset\vlcsnap-2021-02-23-10h19m36s305.png 6,63,42,98,0 52,33,100,65,0 113,17,140,39,0 165,1,209,15,1 215,2,257,12,1 375,4,401,30,0
..\Image_dataset\vlcsnap-2021-02-23-10h19m36s507.png 16,54,61,86,0 87,21,117,56,0 165,2,207,14,1 217,1,259,11,1 383,3,403,29,0
..\Image_dataset\vlcsnap-2021-02-23-10h19m36s707.png 9,59,49,89,0 63,27,105,70,0 161,2,202,16,1 210,2,253,13,1 393,4,411,39,0
..\Image_dataset\vlcsnap-2021-02-23-10h19m36s907.png 11,52,79,91,0 89,17,127,47,0 159,0,200,16,1 210,1,254,17,1 377,6,406,31,0
..\Image_dataset\vlcsnap-2021-02-23-10h19m37s133.png 17,49,75,92,0 82,15,143,53,0 152,0,198,12,1 207,2,249,13,1
..\Image_dataset\vlcsnap-2021-02-23-10h19m37s340.png 9,52,52,95,0 70,31,112,59,0 147,1,193,18,1 201,0,248,16,1 345,3,400,34,0
..\Image_dataset\vlcsnap-2021-02-23-10h19m37s628.png 0,52,53,86,0 66,25,121,56,0 142,4,188,22,1 197,1,241,22,1 344,4,392,46,0
..\Image_dataset\vlcsnap-2021-02-23-10h19m37s809.png 10,50,45,88,0 63,26,111,65,0 135,1,180,27,1 192,6,230,19,1 351,7,382,38,0
..\Image_dataset\vlcsnap-2021-02-23-10h19m38s008.png 13,24,81,82,0 133,4,182,24,1 195,1,233,22,1 349,11,387,45,0
..\Image_dataset\vlcsnap-2021-02-23-10h19m38s208.png 13,51,55,90,0 71,29,96,55,0 136,2,180,26,1 189,4,234,26,1 346,2,378,43,0
..\Image_dataset\vlcsnap-2021-02-23-10h19m38s415.png 14,42,73,86,0 131,3,185,30,1 197,5,243,28,1 355,7,388,42,0
..\Image_dataset\vlcsnap-2021-02-23-10h19m38s707.png 9,49,49,95,0 71,31,98,62,0 137,4,193,36,1 198,2,247,28,1 335,3,377,41,0
..\Image_dataset\vlcsnap-2021-02-23-10h19m38s907.png 12,67,46,102,0 61,50,105,78,0 141,5,197,38,1 204,7,252,38,1 340,12,397,51,0
..\Image_dataset\vlcsnap-2021-02-23-10h19m39s130.png 3,72,65,114,0 72,40,112,75,0 141,7,191,43,1 203,6,257,43,1 353,15,389,51,0
..\Image_dataset\vlcsnap-2021-02-23-10h19m39s308.png 9,75,51,116,0 72,50,113,94,0 138,13,193,49,1 204,13,263,45,1 346,22,388,62,0
..\Image_dataset\vlcsnap-2021-02-23-10h19m39s508.png 9,72,59,110,0 79,51,118,85,0 134,16,191,52,1 206,15,259,49,1 353,21,382,57,0
..\Image_dataset\vlcsnap-2021-02-23-10h19m39s708.png 13,67,59,111,0 125,19,183,56,1 200,22,254,55,1 351,24,382,65,0
..\Image_dataset\vlcsnap-2021-02-23-10h19m39s912.png 14,61,52,109,0 70,53,88,84,0 118,19,184,53,1 200,18,253,53,1 338,21,383,60,0
..\Image_dataset\vlcsnap-2021-02-23-10h19m40s128.png 5,65,61,98,0 116,13,175,53,1 194,19,249,53,1 340,19,375,60,0
..\Image_dataset\vlcsnap-2021-02-23-10h19m40s309.png 12,72,40,106,0 61,56,80,88,0 108,15,176,57,1 188,16,248,54,1 345,21,377,61,0
..\Image_dataset\vlcsnap-2021-02-23-10h19m40s529.png 9,59,43,103,0 101,16,170,58,1 185,20,247,57,1 346,24,377,57,0
..\Image_dataset\vlcsnap-2021-02-23-10h19m40s809.png 8,68,51,107,0 100,18,159,61,1 192,21,256,60,1 347,20,386,73,0
..\Image_dataset\vlcsnap-2021-02-23-10h19m41s009.png 11,72,60,110,0 93,18,170,64,1 185,20,257,61,1 350,23,392,72,0
..\Image_dataset\vlcsnap-2021-02-23-10h19m41s207.png 10,63,57,101,0 90,19,174,67,1 188,16,258,62,1 348,17,382,55,0
..\Image_dataset\vlcsnap-2021-02-23-10h19m41s423.png 12,73,40,109,0 83,21,173,72,1 186,21,258,69,1 359,26,395,65,0
..\Image_dataset\vlcsnap-2021-02-23-10h19m41s622.png 9,72,46,113,0 79,22,161,66,1 186,21,264,70,1 365,21,397,67,0
..\Image_dataset\vlcsnap-2021-02-23-10h19m41s809.png 6,76,38,104,0 73,20,159,75,1 179,22,262,69,1 364,20,391,68,0
..\Image_dataset\vlcsnap-2021-02-23-10h19m42s027.png 37,29,126,87,1 145,29,230,85,1 307,27,401,81,0
..\Image_dataset\vlcsnap-2021-02-23-10h19m42s230.png 4,29,90,92,1 99,29,197,89,1 270,29,368,83,0
..\Image_dataset\vlcsnap-2021-02-23-10h19m42s508.png 4,35,51,99,1 58,34,156,96,1 250,35,275,62,0 319,49,357,85,0
..\Image_dataset\vlcsnap-2021-02-23-10h19m42s708.png 2,32,16,97,1 26,33,132,92,1 224,32,271,80,0 311,54,359,100,0
..\Image_dataset\vlcsnap-2021-02-23-10h19m42s917.png 5,29,109,96,1 207,30,240,64,0 297,55,341,99,0
..\Image_dataset\vlcsnap-2021-02-23-10h19m43s130.png 7,28,93,92,1 199,20,244,62,0 277,47,304,84,0 346,59,386,110,0
..\Image_dataset\vlcsnap-2021-02-23-10h19m43s309.png 7,23,76,92,1 173,20,226,57,0 260,39,303,75,0 333,56,371,98,0
..\Image_dataset\vlcsnap-2021-02-23-10h19m43s634.png 6,27,37,100,1 165,22,201,69,0 239,45,270,87,0 319,58,354,99,0
..\Image_dataset\vlcsnap-2021-02-23-10h19m43s808.png 6,45,17,109,1 140,19,183,63,0 240,48,292,91,0 328,75,367,117,0
..\Image_dataset\vlcsnap-2021-02-23-10h19m44s008.png 135,30,195,74,0 256,65,329,118,0
..\Image_dataset\vlcsnap-2021-02-23-10h19m44s207.png 126,30,387,161,0
..\Image_dataset\vlcsnap-2021-02-23-10h19m44s508.png 114,34,406,196,0
..\Image_dataset\vlcsnap-2021-02-23-10h19m44s707.png 85,35,144,91,0 213,74,250,129,0 312,107,365,178,0
..\Image_dataset\vlcsnap-2021-02-23-10h19m44s928.png 48,35,120,100,0 180,85,229,155,0 301,134,378,206,0
..\Image_dataset\vlcsnap-2021-02-23-10h19m45s209.png 40,36,110,101,0 154,81,206,152,0 268,127,355,218,0
..\Image_dataset\vlcsnap-2021-02-23-10h19m45s351.png 34,36,83,106,0 124,76,199,158,0 259,136,327,228,0
..\Image_dataset\vlcsnap-2021-02-23-10h19m45s622.png 34,43,83,114,0 123,91,173,173,0 244,154,397,296,0
..\Image_dataset\vlcsnap-2021-02-23-10h19m45s812.png 31,63,117,152,0 157,121,209,207,0 264,189,402,328,0
..\Image_dataset\vlcsnap-2021-02-23-10h19m46s028.png 19,64,123,193,0 153,142,230,257,0 277,233,377,361,0
..\Image_dataset\vlcsnap-2021-02-23-10h19m46s310.png 26,84,63,164,0 100,136,223,275,0 283,250,361,388,0
..\Image_dataset\vlcsnap-2021-02-23-10h19m46s509.png 25,66,95,172,0 129,129,214,261,0 263,216,319,339,0
..\Image_dataset\vlcsnap-2021-02-23-10h19m46s711.png 50,61,81,138,0 136,115,220,238,0 285,207,347,342,0
..\Image_dataset\vlcsnap-2021-02-23-10h19m46s928.png 49,60,82,138,0 117,103,153,198,0 201,172,249,262,0 308,234,369,359,0
..\Image_dataset\vlcsnap-2021-02-23-10h19m47s209.png 67,57,383,369,0
..\Image_dataset\vlcsnap-2021-02-23-10h19m47s411.png 82,59,389,375,0
..\Image_dataset\vlcsnap-2021-02-23-10h19m47s624.png 83,56,382,359,0
..\Image_dataset\vlcsnap-2021-02-23-10h19m47s917.png 105,56,377,350,0
..\Image_dataset\vlcsnap-2021-02-23-10h19m48s127.png 131,49,398,337,0
..\Image_dataset\vlcsnap-2021-02-23-10h19m48s344.png 137,40,394,299,0
..\Image_dataset\vlcsnap-2021-02-23-10h19m48s632.png 144,37,397,306,0
..\Image_dataset\vlcsnap-2021-02-23-10h19m48s810.png 156,35,403,290,0
..\Image_dataset\vlcsnap-2021-02-23-10h19m49s029.png 177,20,379,282,0
..\Image_dataset\vlcsnap-2021-02-23-10h19m49s309.png 179,28,393,280,0
..\Image_dataset\vlcsnap-2021-02-23-10h19m49s711.png 220,29,399,248,0
..\Image_dataset\vlcsnap-2021-02-23-10h19m49s928.png 229,36,393,253,0
..\Image_dataset\vlcsnap-2021-02-23-10h19m50s215.png 250,31,395,246,0
..\Image_dataset\vlcsnap-2021-02-23-10h19m50s414.png 251,28,383,228,0
..\Image_dataset\vlcsnap-2021-02-23-10h19m50s624.png 272,32,392,214,0
..\Image_dataset\vlcsnap-2021-02-23-10h19m50s843.png 282,36,378,187,0
..\Image_dataset\vlcsnap-2021-02-23-10h19m51s123.png 290,36,397,175,0
..\Image_dataset\vlcsnap-2021-02-23-10h19m51s309.png 280,36,398,183,0
..\Image_dataset\vlcsnap-2021-02-23-10h19m51s510.png 297,46,390,180,0
..\Image_dataset\vlcsnap-2021-02-23-10h19m51s809.png 310,47,381,184,0
..\Image_dataset\vlcsnap-2021-02-23-10h19m52s009.png 315,46,393,201,0
..\Image_dataset\vlcsnap-2021-02-23-10h19m52s208.png 303,43,400,183,0
..\Image_dataset\vlcsnap-2021-02-23-10h19m52s436.png 316,39,404,176,0
..\Image_dataset\vlcsnap-2021-02-23-10h19m52s708.png 317,35,371,133,0
..\Image_dataset\vlcsnap-2021-02-23-10h19m52s908.png 341,56,381,158,0
..\Image_dataset\vlcsnap-2021-02-23-10h19m53s128.png 325,47,370,152,0
..\Image_dataset\vlcsnap-2021-02-23-10h19m53s410.png 309,47,407,156,0
..\Image_dataset\vlcsnap-2021-02-23-10h19m53s731.png 319,53,397,137,0
..\Image_dataset\vlcsnap-2021-02-23-10h20m00s734.png 8,7,41,34,0
..\Image_dataset\vlcsnap-2021-02-23-10h20m00s952.png 13,4,56,41,0
..\Image_dataset\vlcsnap-2021-02-23-10h20m01s169.png 360,5,406,26,0 12,12,41,34,0
..\Image_dataset\vlcsnap-2021-02-23-10h20m01s450.png 357,3,411,32,0 11,5,63,46,0
..\Image_dataset\vlcsnap-2021-02-23-10h20m01s634.png 354,4,408,29,0 7,8,54,48,0
..\Image_dataset\vlcsnap-2021-02-23-10h20m01s857.png 9,11,74,51,0 346,11,405,41,0
..\Image_dataset\vlcsnap-2021-02-23-10h20m02s135.png 337,5,408,34,0 12,11,78,41,0
..\Image_dataset\vlcsnap-2021-02-23-10h20m02s334.png 9,11,96,53,0 331,6,407,39,0
..\Image_dataset\vlcsnap-2021-02-23-10h20m02s536.png 10,9,100,64,0 330,10,409,45,0
..\Image_dataset\vlcsnap-2021-02-23-10h20m02s735.png 4,9,97,63,0 328,8,401,37,0
..\Image_dataset\vlcsnap-2021-02-23-10h20m02s952.png 13,12,87,53,0 341,7,413,42,0
..\Image_dataset\vlcsnap-2021-02-23-10h20m03s136.png 6,13,71,63,0 332,1,395,37,0
..\Image_dataset\vlcsnap-2021-02-23-10h20m03s337.png 11,26,90,76,0 120,1,163,11,1 280,1,322,8,1 365,2,396,37,0
..\Image_dataset\vlcsnap-2021-02-23-10h20m03s555.png 11,25,96,85,0 124,3,166,18,1 281,3,323,12,1 361,10,403,47,0
..\Image_dataset\vlcsnap-2021-02-23-10h20m03s736.png 3,26,101,60,0 124,3,166,14,1 283,0,328,14,1 370,9,407,48,0
..\Image_dataset\vlcsnap-2021-02-23-10h20m03s951.png 9,31,39,60,0 60,20,87,43,0 121,2,171,12,1 283,1,330,10,1 358,5,404,42,0
..\Image_dataset\vlcsnap-2021-02-23-10h20m04s137.png 4,35,48,60,0 60,17,98,48,0 119,0,162,17,1 287,1,325,11,1 362,6,397,41,0
..\Image_dataset\vlcsnap-2021-02-23-10h20m04s337.png 4,22,97,63,0 113,1,160,22,1 281,3,319,13,1 356,8,394,45,0
..\Image_dataset\vlcsnap-2021-02-23-10h20m04s537.png 9,35,91,68,0 106,1,147,20,1 276,3,322,19,1 360,7,398,51,0
..\Image_dataset\vlcsnap-2021-02-23-10h20m04s741.png 9,24,77,61,0 100,1,149,20,1 272,0,321,13,1 351,10,396,51,0
..\Image_dataset\vlcsnap-2021-02-23-10h20m04s951.png 9,25,76,60,0 95,0,142,19,1 275,2,322,9,1 345,11,389,49,0
..\Image_dataset\vlcsnap-2021-02-23-10h20m05s178.png 5,18,61,52,0 82,2,135,19,1 266,1,324,13,1 335,13,407,53,0
..\Image_dataset\vlcsnap-2021-02-23-10h20m05s357.png 8,26,57,51,0 71,1,125,19,1 259,1,304,11,1 344,13,394,56,0
..\Image_dataset\vlcsnap-2021-02-23-10h20m05s637.png 7,20,66,63,0 71,1,122,23,1 259,3,305,15,1 343,13,392,61,0
..\Image_dataset\vlcsnap-2021-02-23-10h20m05s837.png 6,26,44,51,0 70,3,123,25,1 264,3,313,19,1 343,17,394,58,0
..\Image_dataset\vlcsnap-2021-02-23-10h20m06s037.png 7,31,52,52,0 67,2,120,24,1 264,1,320,24,1 349,18,403,58,0
..\Image_dataset\vlcsnap-2021-02-23-10h20m06s243.png 4,30,53,61,0 65,2,122,25,1 270,2,327,18,1 346,15,407,56,0
..\Image_dataset\vlcsnap-2021-02-23-10h20m06s459.png 7,36,61,64,0 61,8,120,32,1 271,2,327,24,1 356,19,403,59,0
..\Image_dataset\vlcsnap-2021-02-23-10h20m06s637.png 5,41,39,68,0 63,4,122,31,1 282,3,338,30,1 357,27,398,56,0
..\Image_dataset\vlcsnap-2021-02-23-10h20m06s857.png 8,37,54,75,0 64,3,121,35,1 292,5,350,33,1 371,23,412,64,0
..\Image_dataset\vlcsnap-2021-02-23-10h20m07s057.png 7,38,37,65,0 56,0,113,39,1 294,1,355,26,1 383,25,403,57,0
..\Image_dataset\vlcsnap-2021-02-23-10h20m07s256.png 2,50,29,69,0 45,8,110,41,1 297,4,361,35,1 384,35,402,75,0
..\Image_dataset\vlcsnap-2021-02-23-10h20m07s539.png 5,49,30,72,0 45,12,108,52,1 304,6,366,43,1 387,41,400,66,0
..\Image_dataset\vlcsnap-2021-02-23-10h20m07s737.png 5,52,25,74,0 35,8,107,46,1 309,3,377,43,1 396,35,407,62,0
..\Image_dataset\vlcsnap-2021-02-23-10h20m07s961.png 4,48,28,71,0 31,8,106,50,1 323,5,396,52,1 407,36,415,56,0
..\Image_dataset\vlcsnap-2021-02-23-10h20m08s171.png 3,59,20,69,0 22,9,115,59,1 309,6,319,22,0 335,5,408,56,1
..\Image_dataset\vlcsnap-2021-02-23-10h20m08s452.png 17,15,106,62,1 346,5,411,56,1 311,7,326,25,0
..\Image_dataset\vlcsnap-2021-02-23-10h20m08s639.png 8,12,118,68,1 354,4,420,63,1 325,6,344,29,0
..\Image_dataset\vlcsnap-2021-02-23-10h20m08s838.png 5,14,115,75,1 372,6,409,69,1 340,4,360,35,0
..\Image_dataset\vlcsnap-2021-02-23-10h20m09s058.png 1,17,102,78,1 397,10,414,83,1 121,22,135,34,0 342,7,381,42,0
..\Image_dataset\vlcsnap-2021-02-23-10h20m09s338.png 2,14,96,85,1 117,27,135,41,0 368,9,391,38,0
..\Image_dataset\vlcsnap-2021-02-23-10h20m09s537.png 3,20,85,97,1 110,28,129,44,0 359,9,410,48,0
..\Image_dataset\vlcsnap-2021-02-23-10h20m09s745.png 1,15,77,106,1 92,32,115,55,0 332,9,399,47,0
..\Image_dataset\vlcsnap-2021-02-23-10h20m09s955.png 7,23,60,114,1 77,35,104,59,0 345,12,388,49,0
..\Image_dataset\vlcsnap-2021-02-23-10h20m10s137.png 4,27,55,128,1 68,35,97,63,0 368,13,380,54,0
..\Image_dataset\vlcsnap-2021-02-23-10h20m10s338.png 2,35,44,141,1 62,37,99,66,0 357,14,389,48,0
..\Image_dataset\vlcsnap-2021-02-23-10h20m10s557.png 11,58,54,89,0 25,28,96,50,0 352,15,389,52,0
..\Image_dataset\vlcsnap-2021-02-23-10h20m10s838.png 16,49,47,81,0 66,33,81,52,0 361,19,392,58,0
..\Image_dataset\vlcsnap-2021-02-23-10h20m11s038.png 13,54,36,74,0 39,39,69,62,0 347,18,365,58,0
..\Image_dataset\vlcsnap-2021-02-23-10h20m11s236.png 10,36,49,78,0 349,17,400,65,0
..\Image_dataset\vlcsnap-2021-02-23-10h20m11s450.png 12,39,44,80,0 355,26,401,77,0
..\Image_dataset\vlcsnap-2021-02-23-10h20m11s678.png 7,46,38,67,0 333,19,394,65,0
..\Image_dataset\vlcsnap-2021-02-23-10h20m11s951.png 8,46,26,69,0 340,21,395,77,0
..\Image_dataset\vlcsnap-2021-02-23-10h20m12s138.png 4,54,17,72,0 339,18,403,81,0
..\Image_dataset\vlcsnap-2021-02-23-10h20m12s338.png 317,16,406,76,0
..\Image_dataset\vlcsnap-2021-02-23-10h20m12s537.png 325,21,393,86,0
..\Image_dataset\vlcsnap-2021-02-23-10h20m12s757.png 320,18,405,90,0
..\Image_dataset\vlcsnap-2021-02-23-10h20m13s038.png 314,27,397,93,0
..\Image_dataset\vlcsnap-2021-02-23-10h20m13s181.png 315,26,392,95,0
..\Image_dataset\vlcsnap-2021-02-23-10h20m13s452.png 317,26,395,93,0
..\Image_dataset\vlcsnap-2021-02-23-10h20m13s637.png 319,28,401,92,0
..\Image_dataset\vlcsnap-2021-02-23-10h20m13s838.png 323,32,400,92,0
..\Image_dataset\vlcsnap-2021-02-23-10h20m14s039.png 316,29,400,90,0
..\Image_dataset\vlcsnap-2021-02-23-10h20m14s257.png 325,32,394,89,0
..\Image_dataset\vlcsnap-2021-02-23-10h20m14s452.png 328,26,404,83,0
..\Image_dataset\vlcsnap-2021-02-23-10h20m14s673.png 336,24,403,88,0 134,28,217,57,0
..\Image_dataset\vlcsnap-2021-02-23-10h20m14s952.png 183,33,259,57,0 330,23,393,87,0
..\Image_dataset\vlcsnap-2021-02-23-10h20m15s139.png 169,32,297,60,0 333,22,394,92,0
..\Image_dataset\vlcsnap-2021-02-23-10h20m15s337.png 160,30,277,52,0 326,23,376,68,0
..\Image_dataset\vlcsnap-2021-02-23-10h20m15s537.png 166,34,259,53,0 328,27,394,83,0
..\Image_dataset\vlcsnap-2021-02-23-10h20m15s738.png 167,36,340,48,0 374,46,394,83,0
..\Image_dataset\vlcsnap-2021-02-23-10h20m22s116.png 4,33,18,52,0 36,12,78,34,1 175,4,236,44,1 266,59,391,152,0
..\Image_dataset\vlcsnap-2021-02-23-10h20m22s314.png 3,37,19,54,0 33,9,83,34,1 176,4,248,49,1 271,55,412,196,0
..\Image_dataset\vlcsnap-2021-02-23-10h20m22s529.png 7,37,19,51,0 34,9,84,32,1 177,8,247,47,1 260,57,383,179,0
..\Image_dataset\vlcsnap-2021-02-23-10h20m22s758.png 5,35,25,50,0 31,10,85,34,1 177,7,243,50,1 272,61,404,176,0
..\Image_dataset\vlcsnap-2021-02-23-10h20m23s029.png 3,34,25,46,0 31,3,82,30,1 175,8,247,47,1 272,56,411,187,0
..\Image_dataset\vlcsnap-2021-02-23-10h20m23s217.png 35,6,80,26,1 174,8,239,50,1 259,60,403,170,0
..\Image_dataset\vlcsnap-2021-02-23-10h20m23s417.png 2,37,28,59,0 32,12,81,40,1 175,12,249,55,1 264,70,404,202,0
..\Image_dataset\vlcsnap-2021-02-23-10h20m23s615.png 4,46,26,64,0 32,23,80,46,1 173,21,248,65,1 273,76,388,187,0
..\Image_dataset\vlcsnap-2021-02-23-10h20m23s814.png 5,50,23,64,0 32,24,82,50,1 177,25,243,67,1 281,84,390,179,0
..\Image_dataset\vlcsnap-2021-02-23-10h20m24s029.png 4,48,27,71,0 32,22,80,47,1 175,20,250,63,1 283,90,388,173,0
..\Image_dataset\vlcsnap-2021-02-23-10h20m24s251.png 6,42,17,62,0 28,23,72,49,1 173,22,247,59,1 280,92,399,150,0
..\Image_dataset\vlcsnap-2021-02-23-10h20m24s529.png 16,17,68,39,1 174,15,239,60,1 274,77,392,187,0
..\Image_dataset\vlcsnap-2021-02-23-10h20m24s714.png 14,11,66,37,1 165,14,245,66,1 269,76,407,195,0
..\Image_dataset\vlcsnap-2021-02-23-10h20m24s915.png 7,14,72,40,1 160,15,238,63,1 270,91,388,178,0
..\Image_dataset\vlcsnap-2021-02-23-10h20m25s116.png 5,8,58,35,1 155,13,231,63,1 264,61,318,100,0 332,129,399,174,0
..\Image_dataset\vlcsnap-2021-02-23-10h20m25s320.png 4,6,46,33,1 156,10,226,55,1 274,83,390,177,0
..\Image_dataset\vlcsnap-2021-02-23-10h20m25s536.png 5,5,44,35,1 160,15,244,61,1 276,78,385,195,0
..\Image_dataset\vlcsnap-2021-02-23-10h20m25s715.png 3,4,43,31,1 148,4,243,57,1 271,72,346,106,0 332,121,395,162,0
..\Image_dataset\vlcsnap-2021-02-23-10h20m25s916.png 395,162,48,24,0 6,4,37,24,1 155,9,250,60,1
..\Image_dataset\vlcsnap-2021-02-23-10h20m26s115.png 6,9,41,31,1 152,4,258,66,1 290,81,362,111,0 344,125,406,167,0
..\Image_dataset\vlcsnap-2021-02-23-10h20m26s316.png 5,2,39,32,1 149,8,256,71,1 286,73,334,99,0 333,117,374,147,0
..\Image_dataset\vlcsnap-2021-02-23-10h20m26s547.png 2,5,39,41,1 151,15,254,80,1 295,96,364,129,0 350,152,406,165,0
..\Image_dataset\vlcsnap-2021-02-23-10h20m26s749.png 4,11,56,49,1 168,25,278,91,1 328,104,397,134,0
..\Image_dataset\vlcsnap-2021-02-23-10h20m27s044.png 19,16,85,55,1 205,32,327,103,1 355,104,408,123,0
..\Image_dataset\vlcsnap-2021-02-23-10h20m27s216.png 4,68,30,90,0 53,28,115,62,1 253,48,389,124,1
..\Image_dataset\vlcsnap-2021-02-23-10h20m27s415.png 21,77,50,100,0 86,40,155,70,1 292,52,412,134,1
..\Image_dataset\vlcsnap-2021-02-23-10h20m27s615.png 37,77,73,95,0 118,38,180,78,1 334,50,409,139,1
..\Image_dataset\vlcsnap-2021-02-23-10h20m27s822.png 34,85,100,107,0 139,38,196,75,1 374,51,407,148,1
..\Image_dataset\vlcsnap-2021-02-23-10h20m28s030.png 160,29,219,68,1 404,43,418,143,1
..\Image_dataset\vlcsnap-2021-02-23-10h20m28s216.png 177,32,249,73,1 127,69,158,89,0
..\Image_dataset\vlcsnap-2021-02-23-10h20m28s435.png 24,96,62,122,0 109,74,151,102,0 210,28,276,73,1
..\Image_dataset\vlcsnap-2021-02-23-10h20m28s637.png 12,107,45,134,0 80,91,119,120,0 160,70,206,102,0 228,30,297,69,1
..\Image_dataset\vlcsnap-2021-02-23-10h20m28s836.png 11,124,54,140,0 81,93,121,118,0 160,82,199,105,0 246,32,322,78,1
..\Image_dataset\vlcsnap-2021-02-23-10h20m29s116.png 0,129,44,158,0 74,105,132,135,0 166,84,215,111,0 267,28,338,78,1
..\Image_dataset\vlcsnap-2021-02-23-10h20m29s256.png 12,132,54,165,0 99,101,146,130,0 183,80,225,116,0 283,29,362,80,1
..\Image_dataset\vlcsnap-2021-02-23-10h20m29s533.png 9,134,74,163,0 107,108,158,146,0 181,92,238,114,0 306,27,389,79,1
..\Image_dataset\vlcsnap-2021-02-23-10h20m29s717.png 14,141,87,181,0 109,117,187,150,0 209,80,304,121,0 328,26,409,72,1
..\Image_dataset\vlcsnap-2021-02-23-10h20m29s938.png 11,151,91,199,0 117,119,193,147,0 234,78,300,111,0 357,23,413,71,1
..\Image_dataset\vlcsnap-2021-02-23-10h20m30s141.png 11,164,96,205,0 124,125,187,157,0 223,88,302,120,0 310,72,334,89,0 383,14,412,73,1
..\Image_dataset\vlcsnap-2021-02-23-10h20m30s418.png 8,176,125,211,0 176,115,282,150,0 293,80,355,106,0 401,12,411,73,1
..\Image_dataset\vlcsnap-2021-02-23-10h20m30s618.png 5,178,80,229,0 147,134,222,178,0 260,87,338,138,0
..\Image_dataset\vlcsnap-2021-02-23-10h20m30s825.png 12,181,136,247,0 167,121,296,178,0 310,85,363,123,0
..\Image_dataset\vlcsnap-2021-02-23-10h20m31s035.png 21,186,158,270,0 204,133,289,185,0 300,93,453,164,0
..\Image_dataset\vlcsnap-2021-02-23-10h20m31s216.png 14,213,103,255,0 138,147,224,188,0 247,99,302,134,0 397,8,405,76,1
..\Image_dataset\vlcsnap-2021-02-23-10h20m31s438.png 22,164,99,215,0 131,105,221,148,0 309,14,409,80,1
..\Image_dataset\vlcsnap-2021-02-23-10h20m31s719.png 13,158,104,203,0 123,106,220,133,0 261,12,355,78,1
..\Image_dataset\vlcsnap-2021-02-23-10h20m31s917.png 12,152,89,183,0 108,92,171,130,0 238,11,341,79,1
..\Image_dataset\vlcsnap-2021-02-23-10h20m32s118.png 11,139,48,177,0 74,104,136,134,0 214,12,312,85,1
..\Image_dataset\vlcsnap-2021-02-23-10h20m32s318.png 15,134,89,187,0 86,101,124,125,0 192,7,295,82,1
..\Image_dataset\vlcsnap-2021-02-23-10h20m32s532.png 90,83,133,109,0 168,9,281,88,1
..\Image_dataset\vlcsnap-2021-02-23-10h20m32s720.png 12,102,82,150,0 139,4,267,85,1
..\Image_dataset\vlcsnap-2021-02-23-10h20m32s938.png 10,95,90,157,0 108,7,232,91,1
..\Image_dataset\vlcsnap-2021-02-23-10h20m33s144.png 9,99,57,142,0 80,26,213,100,1
..\Image_dataset\vlcsnap-2021-02-23-10h20m33s419.png 6,103,35,135,0 54,28,191,104,1 371,16,406,50,0
..\Image_dataset\vlcsnap-2021-02-23-10h20m33s617.png 4,117,17,138,0 31,31,181,119,1 372,22,415,49,0
..\Image_dataset\vlcsnap-2021-02-23-10h20m33s818.png 18,41,160,120,1 357,26,405,56,0
..\Image_dataset\vlcsnap-2021-02-23-10h20m34s032.png 2,44,150,130,1 370,33,401,68,0
..\Image_dataset\vlcsnap-2021-02-23-10h20m34s218.png 6,44,129,139,1 356,24,404,69,0
..\Image_dataset\vlcsnap-2021-02-23-10h20m34s419.png 5,44,93,131,1 348,28,377,65,0
..\Image_dataset\vlcsnap-2021-02-23-10h20m34s618.png 9,38,81,139,1 320,32,366,66,0
..\Image_dataset\vlcsnap-2021-02-23-10h20m34s838.png 3,55,30,155,1 297,39,369,81,0
..\Image_dataset\vlcsnap-2021-02-23-10h20m35s040.png 2,100,11,158,1 21,58,36,75,0 279,34,297,55,0 354,54,371,76,0
..\Image_dataset\vlcsnap-2021-02-23-10h20m35s251.png 244,30,283,63,0 347,51,377,89,0
..\Image_dataset\vlcsnap-2021-02-23-10h20m35s537.png 240,29,264,79,0 318,55,351,97,0
..\Image_dataset\vlcsnap-2021-02-23-10h20m35s820.png 204,36,258,78,0 300,54,369,105,0
..\Image_dataset\vlcsnap-2021-02-23-10h20m36s032.png 184,33,255,70,0 300,58,400,120,0
..\Image_dataset\vlcsnap-2021-02-23-10h20m36s252.png 162,32,270,101,0 297,67,403,129,0
..\Image_dataset\vlcsnap-2021-02-23-10h20m36s532.png 144,33,258,101,0 285,67,393,146,0
..\Image_dataset\vlcsnap-2021-02-23-10h20m36s718.png 131,35,179,85,0 234,58,295,130,0 349,106,385,134,0
..\Image_dataset\vlcsnap-2021-02-23-10h20m37s034.png 119,33,392,170,0
..\Image_dataset\vlcsnap-2021-02-23-10h20m37s219.png 91,30,408,201,0
..\Image_dataset\vlcsnap-2021-02-23-10h20m37s418.png 74,34,411,208,0
..\Image_dataset\vlcsnap-2021-02-23-10h20m37s623.png 66,38,393,213,0
..\Image_dataset\vlcsnap-2021-02-23-10h20m37s838.png 90,37,410,212,0
..\Image_dataset\vlcsnap-2021-02-23-10h20m38s118.png 125,30,404,219,0
..\Image_dataset\vlcsnap-2021-02-23-10h20m38s320.png 144,30,392,201,0
..\Image_dataset\vlcsnap-2021-02-23-10h20m38s532.png 153,24,395,192,0
..\Image_dataset\vlcsnap-2021-02-23-10h20m38s720.png 181,20,399,185,0
..\Image_dataset\vlcsnap-2021-02-23-10h20m38s937.png 191,36,385,198,0
..\Image_dataset\vlcsnap-2021-02-23-10h20m39s219.png 189,35,372,194,0
..\Image_dataset\vlcsnap-2021-02-23-10h20m39s418.png 187,38,388,201,0
..\Image_dataset\vlcsnap-2021-02-23-10h20m39s618.png 205,37,408,209,0
..\Image_dataset\vlcsnap-2021-02-23-10h20m39s833.png 211,32,404,202,0
..\Image_dataset\vlcsnap-2021-02-23-10h20m40s031.png 241,22,396,184,0
..\Image_dataset\vlcsnap-2021-02-23-10h20m40s252.png 259,23,392,165,0
..\Image_dataset\vlcsnap-2021-02-23-10h20m40s438.png 220,28,402,144,0
..\Image_dataset\vlcsnap-2021-02-23-10h20m40s719.png 239,24,400,133,0
..\Image_dataset\vlcsnap-2021-02-23-10h20m40s919.png 250,27,398,125,0
..\Image_dataset\vlcsnap-2021-02-23-10h20m41s218.png 273,35,407,102,0
..\Image_dataset\vlcsnap-2021-02-23-10h20m41s419.png 261,21,411,106,0
..\Image_dataset\vlcsnap-2021-02-23-10h20m41s637.png 300,34,377,90,0
..\Image_dataset\vlcsnap-2021-02-23-10h20m42s034.png 305,34,410,88,0
..\Image_dataset\vlcsnap-2021-02-23-10h20m48s854.png 13,9,77,79,0
..\Image_dataset\vlcsnap-2021-02-23-10h20m49s154.png 367,0,411,14,1 15,11,111,68,0
..\Image_dataset\vlcsnap-2021-02-23-10h20m49s354.png 6,11,94,74,0 369,2,412,14,1
..\Image_dataset\vlcsnap-2021-02-23-10h20m49s574.png 9,15,115,79,0 378,1,412,17,1
..\Image_dataset\vlcsnap-2021-02-23-10h20m49s854.png 12,9,107,86,0 385,3,412,20,1
..\Image_dataset\vlcsnap-2021-02-23-10h20m50s053.png 9,8,138,97,0 389,5,412,22,1
..\Image_dataset\vlcsnap-2021-02-23-10h20m50s259.png 14,22,122,96,0 395,1,414,21,1
..\Image_dataset\vlcsnap-2021-02-23-10h20m50s469.png 7,12,130,89,0 397,2,413,18,1
..\Image_dataset\vlcsnap-2021-02-23-10h20m50s655.png 2,18,117,86,0 160,1,207,7,1 405,3,411,28,1
..\Image_dataset\vlcsnap-2021-02-23-10h20m50s856.png 13,39,67,94,0 83,14,120,50,0 160,0,205,10,1 408,6,418,25,1
..\Image_dataset\vlcsnap-2021-02-23-10h20m51s054.png 15,48,85,99,0 98,17,142,54,0 164,0,216,7,1
..\Image_dataset\vlcsnap-2021-02-23-10h20m51s261.png 8,16,158,95,0 161,0,211,10,1
..\Image_dataset\vlcsnap-2021-02-23-10h20m51s469.png 14,14,142,90,0 159,1,212,8,1
..\Image_dataset\vlcsnap-2021-02-23-10h20m51s654.png 6,21,133,102,0 161,0,212,17,1 393,5,413,20,0
..\Image_dataset\vlcsnap-2021-02-23-10h20m51s856.png 14,19,116,108,0 162,1,213,18,1 389,3,410,29,0
..\Image_dataset\vlcsnap-2021-02-23-10h20m52s055.png 8,24,133,92,0 159,3,215,17,1 393,3,410,19,0
..\Image_dataset\vlcsnap-2021-02-23-10h20m52s257.png 9,13,137,103,0 163,1,216,18,1 402,4,409,18,0
..\Image_dataset\vlcsnap-2021-02-23-10h20m52s470.png 6,34,117,98,0 163,2,216,18,1 401,3,418,21,0
..\Image_dataset\vlcsnap-2021-02-23-10h20m52s655.png 3,34,130,103,0 168,3,219,21,1
..\Image_dataset\vlcsnap-2021-02-23-10h20m52s855.png 5,29,141,118,0 171,6,232,22,1
..\Image_dataset\vlcsnap-2021-02-23-10h20m53s057.png 20,25,122,113,0 169,0,230,20,1
..\Image_dataset\vlcsnap-2021-02-23-10h20m53s256.png 13,50,136,132,0 171,4,230,27,1 386,4,404,23,0
..\Image_dataset\vlcsnap-2021-02-23-10h20m53s486.png 9,49,136,126,0 165,5,231,35,1 381,4,403,30,0
..\Image_dataset\vlcsnap-2021-02-23-10h20m53s658.png 13,30,128,132,0 163,9,225,42,1 364,5,390,31,0
..\Image_dataset\vlcsnap-2021-02-23-10h20m53s877.png 10,61,129,132,0 154,2,213,38,1 365,4,394,34,0
..\Image_dataset\vlcsnap-2021-02-23-10h20m54s077.png 10,57,112,131,0 143,3,212,47,1 369,5,391,33,0
..\Image_dataset\vlcsnap-2021-02-23-10h20m54s276.png 4,65,111,134,0 141,6,215,54,1 367,7,397,43,0
..\Image_dataset\vlcsnap-2021-02-23-10h20m54s472.png 34,60,91,101,0 132,4,209,51,1 337,5,376,36,0
..\Image_dataset\vlcsnap-2021-02-23-10h20m54s694.png 7,61,120,124,0 117,2,197,52,1 317,12,399,49,0
..\Image_dataset\vlcsnap-2021-02-23-10h20m54s983.png 5,68,105,116,0 114,8,193,63,1 316,9,410,52,0
..\Image_dataset\vlcsnap-2021-02-23-10h20m55s159.png 8,64,99,124,0 108,5,184,63,1 315,8,403,48,0
..\Image_dataset\vlcsnap-2021-02-23-10h20m55s357.png 2,69,103,129,0 101,6,186,61,1 338,13,391,62,0
..\Image_dataset\vlcsnap-2021-02-23-10h20m55s562.png 16,71,94,130,0 96,4,183,64,1 319,8,412,56,0
..\Image_dataset\vlcsnap-2021-02-23-10h20m55s759.png 4,76,67,126,0 86,14,181,65,1 307,2,389,47,0
..\Image_dataset\vlcsnap-2021-02-23-10h20m55s978.png 0,77,65,117,0 81,11,177,74,1 302,5,405,56,0
..\Image_dataset\vlcsnap-2021-02-23-10h20m56s159.png 6,76,61,111,0 67,1,182,68,1 319,5,411,63,0
..\Image_dataset\vlcsnap-2021-02-23-10h20m56s360.png 7,80,41,105,0 56,12,177,81,1 321,8,417,67,0
..\Image_dataset\vlcsnap-2021-02-23-10h20m56s557.png 7,75,23,93,0 39,15,149,79,1 291,6,406,64,0
..\Image_dataset\vlcsnap-2021-02-23-10h20m56s757.png 6,16,120,83,1 265,9,401,76,0
..\Image_dataset\vlcsnap-2021-02-23-10h20m56s970.png 6,18,90,92,1 240,13,409,80,0
..\Image_dataset\vlcsnap-2021-02-23-10h20m57s191.png 4,19,36,104,1 210,15,405,103,0
..\Image_dataset\vlcsnap-2021-02-23-10h20m57s472.png 177,11,389,98,0
..\Image_dataset\vlcsnap-2021-02-23-10h20m57s659.png 166,7,410,106,0
..\Image_dataset\vlcsnap-2021-02-23-10h20m57s860.png 159,14,220,59,0 262,36,342,82,0
..\Image_dataset\vlcsnap-2021-02-23-10h20m58s059.png 133,9,397,115,0
..\Image_dataset\vlcsnap-2021-02-23-10h20m58s257.png 149,13,187,58,0 254,44,375,113,0
..\Image_dataset\vlcsnap-2021-02-23-10h20m58s471.png 114,11,201,67,0 242,37,415,131,0
..\Image_dataset\vlcsnap-2021-02-23-10h20m58s692.png 87,15,386,149,0
..\Image_dataset\vlcsnap-2021-02-23-10h20m58s877.png 80,12,385,147,0
..\Image_dataset\vlcsnap-2021-02-23-10h20m59s079.png 59,16,118,69,0 166,43,225,99,0 274,70,384,158,0
..\Image_dataset\vlcsnap-2021-02-23-10h20m59s278.png 63,18,338,145,0
..\Image_dataset\vlcsnap-2021-02-23-10h20m59s558.png 66,15,346,166,0
..\Image_dataset\vlcsnap-2021-02-23-10h20m59s765.png 57,25,371,191,0
..\Image_dataset\vlcsnap-2021-02-23-10h20m59s972.png 35,26,377,208,0
..\Image_dataset\vlcsnap-2021-02-23-10h21m00s160.png 55,35,373,206,0
..\Image_dataset\vlcsnap-2021-02-23-10h21m00s357.png 24,32,364,223,0
..\Image_dataset\vlcsnap-2021-02-23-10h21m00s577.png 21,59,78,134,0 131,101,198,188,0 260,159,350,262,0
..\Image_dataset\vlcsnap-2021-02-23-10h21m00s859.png 26,66,176,184,0 225,145,311,268,0
..\Image_dataset\vlcsnap-2021-02-23-10h21m01s058.png 23,73,195,183,0 196,177,396,287,0
..\Image_dataset\vlcsnap-2021-02-23-10h21m01s259.png 8,81,165,161,0 157,165,400,300,0
..\Image_dataset\vlcsnap-2021-02-23-10h21m01s658.png 24,51,133,153,0 200,146,381,294,0 
..\Image_dataset\vlcsnap-2021-02-23-10h21m02s078.png 33,41,321,324,0 
..\Image_dataset\vlcsnap-2021-02-23-10h21m02s289.png 34,41,115,131,0 179,117,314,265,0 
..\Image_dataset\vlcsnap-2021-02-23-10h21m02s476.png 57,34,138,135,0 200,114,341,277,0 
..\Image_dataset\vlcsnap-2021-02-23-10h21m02s693.png 57,37,363,288,0 294,174,293,173,0
..\Image_dataset\vlcsnap-2021-02-23-10h21m02s974.png 62,41,142,149,0 225,128,280,218,0
..\Image_dataset\vlcsnap-2021-02-23-10h21m03s159.png 41,31,213,150,0 221,147,406,276,0 
..\Image_dataset\vlcsnap-2021-02-23-10h21m03s360.png 52,32,200,123,0 204,120,400,256,0 
..\Image_dataset\vlcsnap-2021-02-23-10h21m03s559.png 69,35,341,242,0 
..\Image_dataset\vlcsnap-2021-02-23-10h21m03s757.png 91,24,372,238,0 
..\Image_dataset\vlcsnap-2021-02-23-10h21m03s971.png 112,16,369,223,0 
..\Image_dataset\vlcsnap-2021-02-23-10h21m04s160.png 140,30,360,204,0 
..\Image_dataset\vlcsnap-2021-02-23-10h21m04s378.png 165,21,380,200,0 
..\Image_dataset\vlcsnap-2021-02-23-10h21m04s660.png 178,26,381,185,0 
..\Image_dataset\vlcsnap-2021-02-23-10h21m04s859.png 199,29,373,167,0 
..\Image_dataset\vlcsnap-2021-02-23-10h21m05s059.png 209,27,390,157,0 
..\Image_dataset\vlcsnap-2021-02-23-10h21m05s258.png 221,31,399,142,0 
..\Image_dataset\vlcsnap-2021-02-23-10h21m05s472.png 229,41,381,144,0 
..\Image_dataset\vlcsnap-2021-02-23-10h21m05s660.png 244,40,390,145,0 
..\Image_dataset\vlcsnap-2021-02-23-10h21m05s861.png 260,41,385,132,0 
..\Image_dataset\vlcsnap-2021-02-23-10h21m06s080.png 267,45,392,128,0 
..\Image_dataset\vlcsnap-2021-02-23-10h21m06s277.png 288,46,389,115,0 
..\Image_dataset\vlcsnap-2021-02-23-10h21m06s559.png 293,43,400,107,0 
..\Image_dataset\vlcsnap-2021-02-23-10h21m06s761.png 307,41,393,100,0 
..\Image_dataset\vlcsnap-2021-02-23-10h21m06s971.png 322,48,397,88,0 
..\Image_dataset\vlcsnap-2021-02-23-10h21m07s158.png 339,36,389,84,0 
..\Image_dataset\vlcsnap-2021-02-23-10h21m07s357.png 363,32,393,80,0 
..\Image_dataset\vlcsnap-2021-02-23-10h21m07s559.png 364,35,399,64,0 
..\Image_dataset\vlcsnap-2021-02-23-10h21m07s778.png 377,35,405,67,0 
..\Image_dataset\vlcsnap-2021-02-23-10h21m07s973.png 384,31,401,66,0 
..\Image_dataset\vlcsnap-2021-02-23-10h21m08s191.png 391,32,409,59,0 
..\Image_dataset\vlcsnap-2021-02-23-10h21m08s481.png 395,31,405,53,0 
..\Image_dataset\vlcsnap-2021-02-23-10h21m08s658.png 388,25,411,49,0 
..\Image_dataset\vlcsnap-2021-02-23-10h21m13s694.png 22,115,68,176,0 72,57,130,119,0 
..\Image_dataset\vlcsnap-2021-02-23-10h21m13s974.png 14,112,78,172,0 67,72,142,101,0 
..\Image_dataset\vlcsnap-2021-02-23-10h21m14s174.png 25,108,93,164,0 101,58,149,96,0 
..\Image_dataset\vlcsnap-2021-02-23-10h21m14s375.png 23,66,108,153,0 
..\Image_dataset\vlcsnap-2021-02-23-10h21m14s574.png 28,83,112,163,0 
..\Image_dataset\vlcsnap-2021-02-23-10h21m14s790.png 16,118,75,175,0 71,69,130,114,0 
..\Image_dataset\vlcsnap-2021-02-23-10h21m14s976.png 15,104,76,158,0 83,62,146,115,0 
..\Image_dataset\vlcsnap-2021-02-23-10h21m15s290.png 14,77,97,164,0 
..\Image_dataset\vlcsnap-2021-02-23-10h21m15s476.png 19,75,105,165,0 
..\Image_dataset\vlcsnap-2021-02-23-10h21m15s696.png 22,94,100,152,0 
..\Image_dataset\vlcsnap-2021-02-23-10h21m15s976.png 13,108,90,161,0 85,63,149,108,0 
..\Image_dataset\vlcsnap-2021-02-23-10h21m16s180.png 15,90,101,161,0 
..\Image_dataset\vlcsnap-2021-02-23-10h21m16s376.png 19,79,120,158,0 
..\Image_dataset\vlcsnap-2021-02-23-10h21m16s575.png 17,84,86,166,0 
..\Image_dataset\vlcsnap-2021-02-23-10h21m16s788.png 14,94,65,153,0 68,66,120,100,0 
..\Image_dataset\vlcsnap-2021-02-23-10h21m16s976.png 21,90,63,131,0 75,66,117,95,0 
..\Image_dataset\vlcsnap-2021-02-23-10h21m17s175.png 22,64,102,134,0 
..\Image_dataset\vlcsnap-2021-02-23-10h21m17s395.png 25,72,73,125,0 
..\Image_dataset\vlcsnap-2021-02-23-10h21m17s676.png 15,76,94,152,0 
..\Image_dataset\vlcsnap-2021-02-23-10h21m17s799.png 18,86,82,147,0 
..\Image_dataset\vlcsnap-2021-02-23-10h21m18s009.png 12,81,56,118,0 105,61,131,79,0 
..\Image_dataset\vlcsnap-2021-02-23-10h21m18s291.png 11,83,67,144,0 97,67,161,105,0 
..\Image_dataset\vlcsnap-2021-02-23-10h21m18s477.png 27,89,74,123,0 116,66,157,93,0 
..\Image_dataset\vlcsnap-2021-02-23-10h21m18s677.png 23,98,58,130,0 89,69,134,98,0 
..\Image_dataset\vlcsnap-2021-02-23-10h21m18s877.png 14,93,68,137,0 84,70,138,91,0 
..\Image_dataset\vlcsnap-2021-02-23-10h21m19s076.png 5,99,57,135,0 71,66,128,107,0 
..\Image_dataset\vlcsnap-2021-02-23-10h21m19s290.png 16,98,69,137,0 67,75,134,105,0 
..\Image_dataset\vlcsnap-2021-02-23-10h21m19s477.png 9,93,59,135,0 87,75,146,101,0 
..\Image_dataset\vlcsnap-2021-02-23-10h21m19s698.png 10,88,48,119,0 95,80,132,99,0 
..\Image_dataset\vlcsnap-2021-02-23-10h21m19s896.png 12,72,98,117,0 154,67,192,95,0 
..\Image_dataset\vlcsnap-2021-02-23-10h21m20s179.png 13,77,128,123,0 
..\Image_dataset\vlcsnap-2021-02-23-10h21m20s376.png 32,69,154,138,0 
..\Image_dataset\vlcsnap-2021-02-23-10h21m20s518.png 24,84,132,128,0 
..\Image_dataset\vlcsnap-2021-02-23-10h21m20s788.png 9,100,225,111,0 225,96,411,106,0 
..\Image_dataset\vlcsnap-2021-02-23-10h21m20s978.png 9,97,409,132,0 
..\Image_dataset\vlcsnap-2021-02-23-10h21m21s178.png 14,113,375,141,0 
..\Image_dataset\vlcsnap-2021-02-23-10h21m21s377.png 12,115,372,139,0 
..\Image_dataset\vlcsnap-2021-02-23-10h21m21s577.png 16,131,209,155,0 273,114,360,150,0 
..\Image_dataset\vlcsnap-2021-02-23-10h21m21s796.png 27,139,121,180,0 180,124,234,152,0 289,117,334,142,0 
..\Image_dataset\vlcsnap-2021-02-23-10h21m22s017.png 16,133,102,168,0 143,122,322,136,0 
..\Image_dataset\vlcsnap-2021-02-23-10h21m22s291.png 17,143,111,166,0 175,121,251,156,0 289,111,343,136,0 
..\Image_dataset\vlcsnap-2021-02-23-10h21m22s478.png 19,146,95,181,0 163,130,208,157,0 281,106,319,140,0 
..\Image_dataset\vlcsnap-2021-02-23-10h21m22s677.png 14,137,117,184,0 171,113,248,156,0 284,105,358,141,0 
..\Image_dataset\vlcsnap-2021-02-23-10h21m22s877.png 23,139,120,185,0 162,127,219,165,0 272,98,331,134,0 
..\Image_dataset\vlcsnap-2021-02-23-10h21m23s077.png 14,160,106,187,0 166,134,241,178,0 280,108,334,154,0 
..\Image_dataset\vlcsnap-2021-02-23-10h21m23s289.png 25,158,110,204,0 144,132,234,178,0 267,109,331,141,0 
..\Image_dataset\vlcsnap-2021-02-23-10h21m23s476.png 20,169,107,205,0 142,141,227,169,0 256,108,312,144,0 
..\Image_dataset\vlcsnap-2021-02-23-10h21m23s677.png 19,155,87,217,0 116,144,183,182,0 219,112,290,157,0 
..\Image_dataset\vlcsnap-2021-02-23-10h21m23s877.png 15,171,103,212,0 150,129,262,175,0 314,83,372,118,0 
..\Image_dataset\vlcsnap-2021-02-23-10h21m24s077.png 15,172,93,215,0 132,139,197,168,0 255,99,337,145,0 400,20,415,87,1 
..\Image_dataset\vlcsnap-2021-02-23-10h21m24s294.png 13,174,125,205,0 173,122,293,139,0 370,16,407,90,1 
..\Image_dataset\vlcsnap-2021-02-23-10h21m24s479.png 8,140,155,217,0 182,107,300,140,0 349,15,411,90,1 
..\Image_dataset\vlcsnap-2021-02-23-10h21m24s679.png 19,154,118,205,0 152,103,238,150,0 319,13,408,99,1 
..\Image_dataset\vlcsnap-2021-02-23-10h21m24s879.png 15,157,110,209,0 126,110,220,161,0 293,16,414,100,1 
..\Image_dataset\vlcsnap-2021-02-23-10h21m25s079.png 11,164,75,212,0 161,108,220,152,0 267,22,401,112,1 
..\Image_dataset\vlcsnap-2021-02-23-10h21m25s301.png 5,167,71,201,0 133,125,234,151,0 246,23,374,116,1 401,26,415,118,1 
..\Image_dataset\vlcsnap-2021-02-23-10h21m25s480.png 30,149,172,196,0 224,28,356,121,1 382,28,413,126,1 
..\Image_dataset\vlcsnap-2021-02-23-10h21m25s678.png 38,121,134,170,0 196,26,329,131,1 365,22,414,135,1 
..\Image_dataset\vlcsnap-2021-02-23-10h21m25s877.png 20,124,112,181,0 163,25,304,124,1 334,21,410,128,1 
..\Image_dataset\vlcsnap-2021-02-23-10h21m26s079.png 15,116,85,160,0 131,21,271,120,1 305,19,412,128,1 
..\Image_dataset\vlcsnap-2021-02-23-10h21m26s294.png 17,119,73,171,0 113,26,267,128,1 283,21,407,128,1 
..\Image_dataset\vlcsnap-2021-02-23-10h21m26s479.png 8,128,54,166,0 92,28,240,136,1 261,30,412,139,1 
..\Image_dataset\vlcsnap-2021-02-23-10h21m26s699.png 22,26,190,147,1 210,25,410,157,1 
..\Image_dataset\vlcsnap-2021-02-23-10h21m26s879.png 4,31,156,151,1 196,27,398,155,1 
..\Image_dataset\vlcsnap-2021-02-23-10h21m27s079.png 9,40,126,169,1 145,35,352,171,1 
..\Image_dataset\vlcsnap-2021-02-23-10h21m27s294.png 7,47,66,180,1 83,43,310,184,1 
..\Image_dataset\vlcsnap-2021-02-23-10h21m27s480.png 19,46,261,190,1 
..\Image_dataset\vlcsnap-2021-02-23-10h21m27s679.png 4,48,227,210,1 357,28,397,65,0 
..\Image_dataset\vlcsnap-2021-02-23-10h21m27s879.png 1,47,193,214,1 327,26,374,66,0 
..\Image_dataset\vlcsnap-2021-02-23-10h21m28s177.png 2,43,132,254,1 296,26,359,60,0 
..\Image_dataset\vlcsnap-2021-02-23-10h21m28s378.png 4,50,84,255,1 305,32,350,75,0 
..\Image_dataset\vlcsnap-2021-02-23-10h21m28s579.png 0,45,28,269,1 262,21,359,73,0 
..\Image_dataset\vlcsnap-2021-02-23-10h21m28s792.png 216,20,287,58,0 
..\Image_dataset\vlcsnap-2021-02-23-10h21m28s979.png 214,21,288,69,0 
..\Image_dataset\vlcsnap-2021-02-23-10h21m29s292.png 180,33,216,62,0 311,69,371,106,0 
..\Image_dataset\vlcsnap-2021-02-23-10h21m29s478.png 155,31,369,120,0 
..\Image_dataset\vlcsnap-2021-02-23-10h21m29s680.png 142,33,201,71,0 251,55,376,136,0 
..\Image_dataset\vlcsnap-2021-02-23-10h21m29s878.png 122,29,212,78,0 269,75,354,122,0 
..\Image_dataset\vlcsnap-2021-02-23-10h21m30s079.png 103,27,177,74,0 261,71,355,136,0 
..\Image_dataset\vlcsnap-2021-02-23-10h21m30s293.png 113,30,399,171,0 
..\Image_dataset\vlcsnap-2021-02-23-10h21m30s511.png 88,35,204,106,0 260,89,340,169,0 
..\Image_dataset\vlcsnap-2021-02-23-10h21m30s800.png 62,27,144,99,0 220,79,333,182,0 
..\Image_dataset\vlcsnap-2021-02-23-10h21m30s977.png 55,45,168,119,0 232,114,363,210,0 
..\Image_dataset\vlcsnap-2021-02-23-10h21m31s178.png 35,42,120,111,0 165,99,238,171,0 301,158,395,265,0 
..\Image_dataset\vlcsnap-2021-02-23-10h21m31s379.png 43,49,158,148,0 221,127,360,244,0 
..\Image_dataset\vlcsnap-2021-02-23-10h21m31s591.png 34,45,113,138,0 166,115,375,276,0 
..\Image_dataset\vlcsnap-2021-02-23-10h21m31s795.png 39,32,183,162,0 245,135,325,272,0 
..\Image_dataset\vlcsnap-2021-02-23-10h21m31s980.png 42,42,153,163,0 215,130,394,291,0 
..\Image_dataset\vlcsnap-2021-02-23-10h21m32s181.png 43,32,135,124,0 164,90,255,212,0 303,172,381,280,0 
..\Image_dataset\vlcsnap-2021-02-23-10h21m32s378.png 70,16,129,112,0 164,73,245,177,0 282,145,386,273,0 
..\Image_dataset\vlcsnap-2021-02-23-10h21m32s578.png 71,16,147,93,0 183,77,267,188,0 302,154,394,278,0 
..\Image_dataset\vlcsnap-2021-02-23-10h21m32s816.png 70,13,149,102,0 169,74,246,190,0 285,149,385,271,0 
..\Image_dataset\vlcsnap-2021-02-23-10h21m33s014.png 64,20,136,104,0 152,64,238,175,0 263,146,395,283,0 
..\Image_dataset\vlcsnap-2021-02-23-10h21m33s296.png 73,27,140,112,0 161,80,225,167,0 248,125,385,270,0 
..\Image_dataset\vlcsnap-2021-02-23-10h21m33s478.png 79,27,161,124,0 184,83,247,186,0 279,152,401,291,0 
..\Image_dataset\vlcsnap-2021-02-23-10h21m33s678.png 87,23,153,104,0 184,89,258,184,0 277,145,367,260,0 
..\Image_dataset\vlcsnap-2021-02-23-10h21m33s889.png 92,21,174,118,0 196,88,393,273,0 
..\Image_dataset\vlcsnap-2021-02-23-10h21m34s083.png 116,25,205,119,0 230,98,401,283,0 
..\Image_dataset\vlcsnap-2021-02-23-10h21m34s300.png 133,16,198,116,0 235,88,398,278,0 
..\Image_dataset\vlcsnap-2021-02-23-10h21m34s489.png 162,13,244,119,0 282,95,358,239,0 
..\Image_dataset\vlcsnap-2021-02-23-10h21m34s677.png 187,7,271,117,0 311,95,395,212,0 
..\Image_dataset\vlcsnap-2021-02-23-10h21m34s877.png 197,10,398,216,0 
..\Image_dataset\vlcsnap-2021-02-23-10h21m35s098.png 218,3,392,193,0 
..\Image_dataset\vlcsnap-2021-02-23-10h21m35s378.png 236,8,276,93,0 310,67,390,181,0 
..\Image_dataset\vlcsnap-2021-02-23-10h21m35s526.png 235,7,298,95,0 323,71,380,156,0 
..\Image_dataset\vlcsnap-2021-02-23-10h21m35s803.png 248,4,298,95,0 324,61,401,186,0 
..\Image_dataset\vlcsnap-2021-02-23-10h21m35s979.png 259,9,377,148,0 
..\Image_dataset\vlcsnap-2021-02-23-10h21m36s179.png 283,9,389,140,0 
..\Image_dataset\vlcsnap-2021-02-23-10h21m36s381.png 281,6,395,137,0 
..\Image_dataset\vlcsnap-2021-02-23-10h21m36s585.png 288,14,376,122,0 
..\Image_dataset\vlcsnap-2021-02-23-10h21m36s798.png 301,10,404,134,0 
..\Image_dataset\vlcsnap-2021-02-23-10h21m37s013.png 295,10,395,114,0 
..\Image_dataset\vlcsnap-2021-02-23-10h21m37s302.png 299,11,379,124,0 
..\Image_dataset\vlcsnap-2021-02-23-10h21m37s479.png 306,8,392,113,0 
..\Image_dataset\vlcsnap-2021-02-23-10h21m37s679.png 317,10,405,110,0 
..\Image_dataset\vlcsnap-2021-02-23-10h21m37s880.png 318,5,382,106,0 
..\Image_dataset\vlcsnap-2021-02-23-10h21m38s078.png 336,12,374,68,0 
..\Image_dataset\vlcsnap-2021-02-23-10h21m38s295.png 348,6,394,64,0 
..\Image_dataset\vlcsnap-2021-02-23-10h21m38s515.png 353,5,395,82,0 
..\Image_dataset\vlcsnap-2021-02-23-10h21m38s699.png 364,11,393,63,0 
..\Image_dataset\vlcsnap-2021-02-23-10h21m39s296.png 357,9,392,73,0 
..\Image_dataset\vlcsnap-2021-02-23-10h21m45s196.png 13,49,52,84,0 69,18,95,51,0 139,2,199,18,1 220,4,281,14,1 
..\Image_dataset\vlcsnap-2021-02-23-10h21m45s596.png 15,44,65,86,0 134,4,203,20,1 217,0,301,14,1 
..\Image_dataset\vlcsnap-2021-02-23-10h21m45s795.png 14,51,57,103,0 72,28,100,60,0 131,2,200,28,1 220,1,292,21,1 
..\Image_dataset\vlcsnap-2021-02-23-10h21m45s996.png 18,54,69,85,0 128,2,197,32,1 221,4,292,28,1 
..\Image_dataset\vlcsnap-2021-02-23-10h21m46s196.png 15,48,77,95,0 118,2,194,39,1 219,2,290,32,1 
..\Image_dataset\vlcsnap-2021-02-23-10h21m46s416.png 11,59,48,96,0 92,5,171,44,1 197,1,278,44,1 
..\Image_dataset\vlcsnap-2021-02-23-10h21m46s597.png 36,14,109,59,1 140,10,209,45,1 
..\Image_dataset\vlcsnap-2021-02-23-10h21m46s801.png 2,18,63,67,1 84,9,161,59,1 319,18,371,54,0 
..\Image_dataset\vlcsnap-2021-02-23-10h21m47s017.png 9,17,96,68,1 328,40,384,81,0 
..\Image_dataset\vlcsnap-2021-02-23-10h21m47s216.png 2,17,56,72,1 288,43,363,85,0 
..\Image_dataset\vlcsnap-2021-02-23-10h21m47s411.png 6,19,45,78,1 281,46,344,86,0 
..\Image_dataset\vlcsnap-2021-02-23-10h21m47s647.png 249,44,314,102,0 
..\Image_dataset\vlcsnap-2021-02-23-10h21m47s912.png 163,38,235,84,0 272,54,337,115,0 
..\Image_dataset\vlcsnap-2021-02-23-10h21m48s017.png 209,48,321,123,0 
..\Image_dataset\vlcsnap-2021-02-23-10h21m48s299.png 203,50,326,146,0 
..\Image_dataset\vlcsnap-2021-02-23-10h21m48s423.png 201,50,295,134,0 
..\Image_dataset\vlcsnap-2021-02-23-10h21m48s631.png 118,44,174,97,0 220,67,257,121,0 332,109,398,164,0 
..\Image_dataset\vlcsnap-2021-02-23-10h21m48s818.png 58,29,113,81,0 162,66,231,133,0 271,94,347,176,0 
..\Image_dataset\vlcsnap-2021-02-23-10h21m49s019.png 63,37,156,99,0 188,79,260,145,0 315,124,386,191,0 
..\Image_dataset\vlcsnap-2021-02-23-10h21m49s221.png 58,35,135,113,0 171,79,245,165,0 282,126,360,203,0 
..\Image_dataset\vlcsnap-2021-02-23-10h21m49s418.png 45,26,116,124,0 157,85,245,167,0 295,146,377,230,0 
..\Image_dataset\vlcsnap-2021-02-23-10h21m49s598.png 50,19,137,119,0 163,79,256,175,0 298,144,377,236,0 
..\Image_dataset\vlcsnap-2021-02-23-10h21m49s800.png 41,43,119,139,0 162,109,268,227,0 307,170,373,274,0 
..\Image_dataset\vlcsnap-2021-02-23-10h21m50s001.png 33,44,123,149,0 161,115,243,235,0 273,186,352,305,0 
..\Image_dataset\vlcsnap-2021-02-23-10h21m50s201.png 29,54,106,154,0 150,126,215,267,0 281,224,364,331,0 
..\Image_dataset\vlcsnap-2021-02-23-10h21m50s416.png 38,63,237,256,0 293,234,360,340,0 
..\Image_dataset\vlcsnap-2021-02-23-10h21m50s603.png 59,55,150,169,0 228,176,326,338,0 
..\Image_dataset\vlcsnap-2021-02-23-10h21m50s799.png 84,51,174,180,0 232,159,334,296,0 
..\Image_dataset\vlcsnap-2021-02-23-10h21m50s999.png 105,27,176,152,0 239,143,341,295,0 
..\Image_dataset\vlcsnap-2021-02-23-10h21m51s209.png 118,43,211,162,0 262,144,345,272,0 
..\Image_dataset\vlcsnap-2021-02-23-10h21m51s418.png 141,39,197,157,0 263,128,350,270,0 
..\Image_dataset\vlcsnap-2021-02-23-10h21m51s636.png 292,137,371,257,0 154,30,209,102,0 
..\Image_dataset\vlcsnap-2021-02-23-10h21m51s800.png 275,114,351,230,0 168,31,214,104,0 
..\Image_dataset\vlcsnap-2021-02-23-10h21m52s002.png 295,112,376,222,0 182,35,255,114,0 
..\Image_dataset\vlcsnap-2021-02-23-10h21m52s216.png 189,27,360,199,0 
..\Image_dataset\vlcsnap-2021-02-23-10h21m52s416.png 201,35,271,122,0 304,102,381,208,0 
..\Image_dataset\vlcsnap-2021-02-23-10h21m52s602.png 313,111,390,213,0 214,29,262,111,0 
..\Image_dataset\vlcsnap-2021-02-23-10h21m52s800.png 294,86,384,194,0 190,28,244,72,0 
..\Image_dataset\vlcsnap-2021-02-23-10h21m53s000.png 311,91,369,180,0 227,33,272,110,0 
..\Image_dataset\vlcsnap-2021-02-23-10h21m53s222.png 249,33,364,167,0 
..\Image_dataset\vlcsnap-2021-02-23-10h21m53s417.png 282,53,365,176,0 
..\Image_dataset\vlcsnap-2021-02-23-10h21m53s645.png 308,69,375,153,0 234,27,264,84,0 
..\Image_dataset\vlcsnap-2021-02-23-10h21m53s821.png 202,14,398,180,0 
..\Image_dataset\vlcsnap-2021-02-23-10h21m54s019.png 273,43,376,175,0 
..\Image_dataset\vlcsnap-2021-02-23-10h21m54s298.png 221,23,395,199,0 
..\Image_dataset\vlcsnap-2021-02-23-10h21m54s503.png 225,35,359,219,0 
..\Image_dataset\vlcsnap-2021-02-23-10h21m54s643.png 243,57,368,217,0 
..\Image_dataset\vlcsnap-2021-02-23-10h21m54s923.png 256,56,354,208,0 
..\Image_dataset\vlcsnap-2021-02-23-10h21m55s100.png 302,65,384,180,0 
..\Image_dataset\vlcsnap-2021-02-23-10h21m55s299.png 315,61,363,145,0 
..\Image_dataset\vlcsnap-2021-02-23-10h21m55s500.png 335,50,381,143,0 
..\Image_dataset\vlcsnap-2021-02-23-10h21m55s701.png 289,36,379,94,0 
..\Image_dataset\vlcsnap-2021-02-23-10h21m55s918.png 321,27,385,91,0 
..\Image_dataset\vlcsnap-2021-02-23-10h21m56s100.png 300,40,387,103,0 
..\Image_dataset\vlcsnap-2021-02-23-10h21m56s303.png 244,44,397,131,0 
..\Image_dataset\vlcsnap-2021-02-23-10h21m56s500.png 247,43,379,145,0 
..\Image_dataset\vlcsnap-2021-02-23-10h21m56s707.png 323,89,383,170,0 185,71,264,109,0 
..\Image_dataset\vlcsnap-2021-02-23-10h21m56s923.png 162,79,275,113,0 331,75,378,154,0 
..\Image_dataset\vlcsnap-2021-02-23-10h21m57s100.png 13,86,282,103,0 309,71,397,135,0 
..\Image_dataset\vlcsnap-2021-02-23-10h21m57s301.png 321,62,401,125,0 43,81,197,99,0 
..\Image_dataset\vlcsnap-2021-02-23-10h21m57s501.png 312,60,381,115,0 56,77,145,103,0 
..\Image_dataset\vlcsnap-2021-02-23-10h21m57s707.png 328,64,394,128,0 88,73,205,108,0 
..\Image_dataset\vlcsnap-2021-02-23-14h54m48s613.png 11,32,101,95,0 194,15,253,54,1 298,15,408,73,0 
..\Image_dataset\vlcsnap-2021-02-23-14h55m15s447.png 7,49,90,117,0 186,29,257,72,1 292,23,398,81,0 
..\Image_dataset\vlcsnap-2021-02-23-14h55m19s298.png 6,50,91,115,0 186,36,262,79,1 310,29,401,81,0 
..\Image_dataset\vlcsnap-2021-02-23-14h55m19s819.png 14,70,64,109,0 179,38,276,91,1 303,26,392,83,0 
..\Image_dataset\vlcsnap-2021-02-23-14h55m20s600.png 9,62,69,111,0 188,32,285,93,1 318,19,400,65,0 
..\Image_dataset\vlcsnap-2021-02-23-14h55m21s399.png 13,60,84,110,0 192,39,323,115,1 345,19,400,62,0 
..\Image_dataset\vlcsnap-2021-02-23-14h55m21s797.png 24,68,100,132,0 238,41,376,123,1 393,30,409,49,0 
..\Image_dataset\vlcsnap-2021-02-23-14h55m24s763.png 20,74,96,146,0 294,28,410,119,1 
..\Image_dataset\vlcsnap-2021-02-23-14h55m25s162.png 21,95,109,166,0 369,30,407,135,1 
..\Image_dataset\vlcsnap-2021-02-23-14h55m41s341.png 4,31,23,46,0 31,5,84,35,1 177,4,246,48,1 275,62,366,115,0 
..\Image_dataset\vlcsnap-2021-02-23-14h55m43s142.png 12,11,70,43,1 169,14,266,88,1 311,75,375,163,0 
..\Image_dataset\vlcsnap-2021-02-23-14h55m44s645.png 311,75,375,163,0 2,2,36,27,1 152,8,251,68,1
..\Image_dataset\vlcsnap-2021-02-23-14h55m46s145.png 27,83,68,110,0 129,42,186,75,1 350,55,408,144,1 
..\Image_dataset\vlcsnap-2021-02-23-14h55m50s367.png 47,110,94,170,0 230,12,334,87,1 
..\Image_dataset\vlcsnap-2021-02-23-14h55m51s519.png 28,112,80,155,0 175,10,285,89,1 
..\Image_dataset\vlcsnap-2021-02-23-14h55m53s647.png 7,102,51,138,0 77,22,208,95,1 
..\Image_dataset\vlcsnap-2021-02-23-14h56m02s548.png 5,31,19,49,0 31,6,74,29,1 178,6,232,43,1 287,75,378,131,0 
..\Image_dataset\vlcsnap-2021-02-23-14h56m03s448.png 5,48,16,59,0 27,22,80,45,1 174,24,247,65,1 288,85,373,146,0 
..\Image_dataset\vlcsnap-2021-02-23-14h56m04s448.png 4,10,55,42,1 163,13,241,68,1 268,81,379,140,0 
..\Image_dataset\vlcsnap-2021-02-23-14h56m05s066.png 0,1,42,24,1 155,5,237,59,1 282,83,382,140,0 
..\Image_dataset\vlcsnap-2021-02-23-14h56m05s846.png 282,83,382,140,0 7,6,35,38,1 152,14,263,79,1
..\Image_dataset\vlcsnap-2021-02-23-14h56m06s898.png 6,9,44,44,1 157,24,279,94,1 306,100,386,141,0 
..\Image_dataset\vlcsnap-2021-02-23-14h56m08s142.png 20,75,42,99,0 90,36,149,71,1 296,52,414,135,1 
..\Image_dataset\vlcsnap-2021-02-23-14h56m09s313.png 32,84,70,106,0 113,39,179,76,1 332,48,409,147,1 
..\Image_dataset\vlcsnap-2021-02-23-14h56m10s937.png 12,94,56,125,0 211,28,275,70,1 
..\Image_dataset\vlcsnap-2021-02-23-14h56m12s726.png 8,87,308,166,0 319,24,403,70,1 
..\Image_dataset\vlcsnap-2021-02-23-14h56m15s445.png 11,74,212,212,0 233,13,349,89,1 
..\Image_dataset\vlcsnap-2021-02-23-14h56m16s649.png 3,128,80,191,0 87,64,151,142,0 201,10,310,81,1 
..\Image_dataset\vlcsnap-2021-02-23-14h56m18s709.png 2,102,35,143,0 44,26,184,117,1 362,22,394,48,0 
..\Image_dataset\vlcsnap-2021-02-23-14h56m20s589.png 4,41,102,136,1 322,28,377,63,0 
..\Image_dataset\vlcsnap-2021-02-23-14h56m45s175.png 15,39,70,80,0 97,19,129,45,0 329,5,391,47,0 215,0,265,31,1 
..\Image_dataset\vlcsnap-2021-02-23-14h56m46s306.png 8,44,61,87,0 83,22,114,52,0 338,11,372,41,0 213,0,266,35,1 
..\Image_dataset\vlcsnap-2021-02-23-14h56m47s006.png 10,59,42,81,0 63,46,84,62,0 101,35,120,51,0 302,23,317,46,0 338,34,355,57,0 369,44,407,76,0 192,19,244,56,1 
..\Image_dataset\vlcsnap-2021-02-23-14h56m47s827.png 10,72,59,103,0 306,30,397,77,0 82,57,103,73,0 188,35,256,76,1 
..\Image_dataset\vlcsnap-2021-02-23-14h56m48s528.png 15,79,47,108,0 63,65,94,85,0 332,40,400,86,0 183,41,262,85,1 
..\Image_dataset\vlcsnap-2021-02-23-14h56m49s308.png 11,91,31,108,0 39,77,66,91,0 82,62,105,76,0 307,29,323,52,0 342,42,358,63,0 374,50,393,67,0 186,42,279,92,1 
..\Image_dataset\vlcsnap-2021-02-23-14h56m50s009.png 327,18,412,62,0 8,80,27,97,0 47,63,91,82,0 102,40,124,58,0 191,30,304,95,1 
..\Image_dataset\vlcsnap-2021-02-23-14h56m50s810.png 386,27,408,59,0 9,97,39,127,0 48,82,84,108,0 102,60,138,88,0 223,42,367,119,1 
..\Image_dataset\vlcsnap-2021-02-23-14h56m51s533.png 11,100,56,133,0 80,75,115,102,0 126,62,148,79,0 250,45,395,121,1 
..\Image_dataset\vlcsnap-2021-02-23-14h57m10s794.png 9,56,41,85,0 57,41,97,62,0 315,3,401,47,0 213,6,256,34,1 
..\Image_dataset\vlcsnap-2021-02-23-14h57m11s797.png 8,52,44,74,0 341,11,388,41,0 217,3,264,33,1 
..\Image_dataset\vlcsnap-2021-02-23-14h57m12s417.png 12,43,92,79,0 308,11,405,57,0 203,11,255,43,1 
..\Image_dataset\vlcsnap-2021-02-23-14h57m12s997.png 10,53,44,93,0 68,48,84,66,0 320,33,394,87,0 188,25,245,57,1 
..\Image_dataset\vlcsnap-2021-02-23-14h57m13s517.png 303,26,401,81,0 8,67,66,94,0 88,53,105,69,0 191,34,252,74,1 
..\Image_dataset\vlcsnap-2021-02-23-14h57m14s020.png 301,25,409,80,0 16,78,45,106,0 57,61,96,78,0 186,36,258,84,1 
..\Image_dataset\vlcsnap-2021-02-23-14h57m14s599.png 300,32,403,90,0 5,87,42,110,0 58,73,87,88,0 185,44,266,89,1 
..\Image_dataset\vlcsnap-2021-02-23-14h57m15s123.png 309,26,403,70,0 4,79,44,102,0 62,67,85,81,0 180,38,277,100,1 
..\Image_dataset\vlcsnap-2021-02-23-14h57m15s701.png 324,20,404,69,0 6,63,59,93,0 189,31,301,96,1 
..\Image_dataset\vlcsnap-2021-02-23-14h57m16s299.png 348,25,410,63,0 9,82,38,108,0 54,66,83,91,0 92,56,113,72,0 193,38,324,115,1 
..\Image_dataset\vlcsnap-2021-02-23-14h57m16s801.png 14,104,56,132,0 75,77,111,101,0 123,55,171,85,0 246,37,391,123,1 
..\Image_dataset\vlcsnap-2021-02-23-14h57m17s986.png 11,110,40,139,0 62,83,92,113,0 123,63,145,84,0 162,47,186,70,0 282,30,410,111,1 
..\Image_dataset\vlcsnap-2021-02-23-14h57m19s057.png 12,126,48,162,0 81,99,111,128,0 125,80,154,103,0 173,60,195,80,0 369,30,410,128,1 
..\Image_dataset\vlcsnap-2021-02-23-14h57m29s463.png 9,17,49,29,0 234,39,404,187,0 175,4,222,27,1 
..\Image_dataset\vlcsnap-2021-02-23-14h57m30s466.png 11,23,41,38,0 231,40,401,168,0 178,3,222,30,1 
..\Image_dataset\vlcsnap-2021-02-23-14h57m32s467.png 7,22,36,46,0 258,39,402,130,0 201,3,248,30,1 
..\Image_dataset\vlcsnap-2021-02-23-14h57m33s865.png 5,19,21,35,0 271,33,393,114,0 208,0,263,26,1 
..\Image_dataset\vlcsnap-2021-02-23-14h57m34s775.png 5,15,33,39,0 267,39,393,116,0 204,0,259,25,1 
..\Image_dataset\vlcsnap-2021-02-23-14h57m35s550.png 9,13,49,29,0 266,37,403,126,0 203,1,266,29,1 
..\Image_dataset\vlcsnap-2021-02-23-14h57m35s931.png 9,10,26,27,0 267,32,434,132,0 203,1,260,23,1 
..\Image_dataset\vlcsnap-2021-02-23-14h57m36s431.png 7,10,18,17,0 272,33,405,111,0 199,2,262,22,1 
..\Image_dataset\vlcsnap-2021-02-23-14h57m36s932.png 271,33,402,111,0 190,3,258,24,1 
..\Image_dataset\vlcsnap-2021-02-23-14h57m37s454.png 183,3,260,32,1 269,37,402,123,0 
..\Image_dataset\vlcsnap-2021-02-23-14h57m37s950.png 173,5,261,40,1 267,46,404,132,0 
..\Image_dataset\vlcsnap-2021-02-23-14h57m38s530.png 160,3,261,47,1 270,52,410,151,0 
..\Image_dataset\vlcsnap-2021-02-23-14h57m39s033.png 156,2,271,56,1 280,68,401,137,0 
..\Image_dataset\vlcsnap-2021-02-23-14h57m39s633.png 160,2,286,75,1 300,85,401,135,0 
..\Image_dataset\vlcsnap-2021-02-23-14h57m40s130.png 8,21,28,39,0 202,8,349,95,1 369,103,410,122,0 
..\Image_dataset\vlcsnap-2021-02-23-14h57m42s534.png 9,23,27,44,0 221,16,364,98,1 390,85,411,112,0 
..\Image_dataset\vlcsnap-2021-02-23-14h57m43s550.png 10,42,54,70,0 289,20,412,115,1 
..\Image_dataset\vlcsnap-2021-02-23-14h57m44s323.png 3,40,75,66,0 303,18,400,117,1 
..\Image_dataset\vlcsnap-2021-02-23-14h57m45s339.png 13,46,45,69,0 54,37,91,54,0 369,3,379,16,0 392,11,408,143,1 
..\Image_dataset\vlcsnap-2021-02-23-14h57m56s817.png 10,21,23,41,0 250,41,408,150,0 193,1,243,33,1 
..\Image_dataset\vlcsnap-2021-02-23-14h57m57s316.png 267,36,398,107,0 208,2,260,25,1 
..\Image_dataset\vlcsnap-2021-02-23-14h57m57s617.png 8,22,24,38,0 39,17,56,27,0 273,32,321,54,0 326,78,385,110,0 211,2,266,25,1 
..\Image_dataset\vlcsnap-2021-02-23-14h57m58s115.png 15,17,36,35,0 268,38,404,118,0 201,3,256,23,1 
..\Image_dataset\vlcsnap-2021-02-23-14h57m58s615.png 14,11,43,34,0 267,35,328,54,0 311,70,365,91,0 359,108,407,119,0 203,4,261,28,1 
..\Image_dataset\vlcsnap-2021-02-23-14h57m59s035.png 199,0,260,24,1 273,34,327,49,0 321,71,369,77,0 347,98,409,113,0 
..\Image_dataset\vlcsnap-2021-02-23-14h57m59s417.png 195,0,267,24,1 278,37,320,55,0 325,73,369,86,0 364,106,409,120,0 
..\Image_dataset\vlcsnap-2021-02-23-14h57m59s816.png 191,2,261,26,1 273,31,315,43,0 310,57,364,76,0 353,97,395,113,0 
..\Image_dataset\vlcsnap-2021-02-23-14h58m00s216.png 183,2,257,29,1 267,37,325,61,0 326,91,399,117,0 
..\Image_dataset\vlcsnap-2021-02-23-14h58m00s518.png 182,3,262,28,1 272,44,334,57,0 324,78,352,85,0 352,106,409,125,0 
..\Image_dataset\vlcsnap-2021-02-23-14h58m01s035.png 196,16,247,32,1 303,75,359,97,0 
..\Image_dataset\vlcsnap-2021-02-23-14h58m01s215.png 165,3,254,37,1 270,50,312,69,0 310,87,380,106,0 366,121,407,136,0 
..\Image_dataset\vlcsnap-2021-02-23-14h58m01s616.png 160,1,265,54,1 285,67,332,85,0 322,111,395,125,0 
..\Image_dataset\vlcsnap-2021-02-23-14h58m01s916.png 322,111,395,125,0 284,73,345,91,0 158,1,271,58,1
..\Image_dataset\vlcsnap-2021-02-23-14h58m02s114.png 157,5,268,61,1 280,73,404,139,0 
..\Image_dataset\vlcsnap-2021-02-23-14h58m02s235.png 153,4,278,62,1 290,74,399,132,0 
..\Image_dataset\vlcsnap-2021-02-23-14h58m02s416.png 155,3,288,63,1 285,79,358,100,0 345,117,396,136,0 
..\Image_dataset\vlcsnap-2021-02-23-14h58m02s615.png 157,0,299,80,1 312,94,380,119,0 360,137,409,154,0 
..\Image_dataset\vlcsnap-2021-02-23-14h58m02s816.png 167,2,307,88,1 318,96,369,107,0 350,134,410,141,0 
..\Image_dataset\vlcsnap-2021-02-23-14h58m03s018.png 5,18,21,33,0 194,5,343,91,1 357,104,419,130,0 
..\Image_dataset\vlcsnap-2021-02-23-14h58m03s215.png 9,29,26,42,0 219,11,371,94,1 384,103,411,108,0 
..\Image_dataset\vlcsnap-2021-02-23-14h58m03s415.png 10,40,28,50,0 36,34,53,44,0 243,15,407,108,1 
..\Image_dataset\vlcsnap-2021-02-23-14h58m03s615.png 7,47,28,60,0 39,37,69,52,0 268,20,411,117,1 
..\Image_dataset\vlcsnap-2021-02-23-14h58m03s815.png 9,40,46,73,0 302,15,407,119,1